000000000
000000000
000000000
000000000
000000000
000000000
000000000
000000000
000000000
000000000
000000000
000000000
000000000
000000000
000000000
000000000
000000000
000000000
000000000
000000000
000000000
000000000
000000000
000000000
000000000
000000000
000000000
000000000
000000000
000000000
000000000
000000000
000000000
000000000
000000000
000000000
000000000
000000000
000000000
000000000
000000000
000000000
000000000
000000000
000000000
000000000
000000000
000000000
000000000
000000000
000000000
000000000
000000000
000000000
000000000
000000000
000000000
000000000
000000000
000000000
000000000
000000000
000000000
000000000
000000000
000000000
000000000
000000000
000000000
000000000
000000000
000000000
000000000
000000000
000000000
000000000
000000000
000000000
000000000
000000000
000000000
000000000
000000000
000000000
000000000
000000000
000000000
000000000
000000000
000000000
000000000
000000000
000000000
000000000
000000000
000000000
000000000
000000000
000000000
000000000
000000000
000000000
000000000
000000000
000000000
000000000
000000000
000000000
000000000
000000000
000000000
000000000
000000000
000000000
000000000
000000000
000000000
000000000
000000000
000000000
000000000
000000000
000000000
000000000
000000000
000000000
000000000
000000000
000000000
000000000
000000000
000000000
000000000
000000000
000000000
000000000
000000000
000000000
000000000
000000000
000000000
000000000
000000000
000000000
000000000
000000000
000000000
000000000
000000000
000000000
000000000
000000000
000000000
000000000
000000000
000000000
000000000
000000000
000000000
000000000
000000000
000000000
000000000
000000000
000000000
000000000
000000000
000000000
000000000
111000000
000011000
111111010
100000101
001001001
110101110
000101101
001100011
100000000
000000010
001101000
110110111
111011100
001001001
100000000
001000110
000000000
111011000
101110110
010110001
001110111
110001010
101010011
100101111
010100000
000001110
011111111
111011111
001100100
001111111
011001011
011011100
111000000
000011000
111111010
100000101
001001001
110101110
000101101
001100011
010000000
110111110
011111111
111100101
111010011
101011001
111010001
101111101
100000000
111010110
111001000
110110011
011001000
000011111
110111101
110011100
000000000
001000110
110111100
111001001
000101101
110000111
100000000
001011101
000000000
011111111
001011100
001000011
110111000
111110001
001110111
011100110
010000000
110111110
011111111
111100101
111010011
101011001
111010001
101111101
111100000
111000011
001110010
100100111
011000100
010101101
011111010
011111111
100000000
111000011
000000110
101110101
000101001
111111101
111101100
111101111
111100000
000101011
111010110
010001011
000111100
001011101
100011010
110000110
111000000
110011011
100110010
000100101
001010111
110101101
010000000
111011011
111100000
111000011
001110010
100100111
011000100
010101101
011111010
011111111
101100000
101000101
010101100
001011101
001111010
010011111
000011101
111010110
111100000
110100101
010111010
110101011
111110011
110111011
000000000
110010101
010100000
001010101
100001100
000010101
111000110
001001011
000101011
110010100
110100000
000001101
000001110
010010111
001001101
000001111
100111000
001001101
101100000
101000101
010101100
001011101
001111010
010011111
000011101
111010110
000000000
110111010
100000000
000011100
100000000
111100110
011100000
000111000
111000000
110111010
001110010
101111110
000010011
001011110
110101001
110111110
111000000
010100010
000001110
011111111
000110101
110101110
111101000
111010100
011111111
111101010
000110010
010110110
001101101
000001110
000001111
100000000
000000000
110111010
100000000
000011100
100000000
111100110
011100000
000111000
000100000
100110111
110001110
011111111
110100010
001101111
010100101
010001010
000000000
001001001
110000000
001101110
110101001
010000000
011000110
100001110
001100000
111000111
100111110
111100110
011011110
110100111
100100111
101101010
110000000
000000101
010110100
000000010
111010111
000011110
001101110
110010110
000100000
100110111
110001110
011111111
110100010
001101111
010100101
010001010
101100000
101100000
101011000
100010001
011110001
111001001
001100101
110000001
110000000
010110010
001000010
001100001
110111100
010011010
110101100
000000011
111100000
000010000
111000100
011001001
000001111
000101011
001111111
101100101
001000000
111011110
010100010
001111001
001000100
101110010
101110000
001100011
101100000
101100000
101011000
100010001
011110001
111001001
001100101
110000001
000000000
000101010
001111000
011011001
000011010
111011111
001110101
001101010
110000000
001001110
101011100
111101011
001000000
100010100
111111110
110010101
010000000
011111111
101001000
100100101
101100110
001010101
111001011
111100000
000000000
101100010
001100100
001110011
001000000
110101000
001000010
111000101
000000000
000101010
001111000
011011001
000011010
111011111
001110101
001101010
000100000
000001010
010101010
101110110
010010101
000010111
111100011
111110011
000100000
001011100
111010010
001000110
000111010
110011010
011111111
000110100
000100000
101111110
100010110
101011110
100101011
000011001
100000000
010010001
000100000
000011100
111101110
101111110
110000110
000110110
010100100
010110000
000100000
000001010
010101010
101110110
010010101
000010111
111100011
111110011
111000000
100000010
010001100
111101100
001010011
110111000
001000010
001010110
001000000
111010100
101100110
000011010
001101101
001111110
111100000
011110010
111000000
111110010
111010000
110110000
010101101
000111000
001110010
010000110
100000000
000101000
000111110
100111010
000010011
010100010
101101100
101000010
111000000
100000010
010001100
111101100
001010011
110111000
001000010
001010110
111000000
001110110
100011100
111100011
011110001
011111111
011111111
110110100
111100000
101111110
000001000
011010011
111010111
000010111
001010001
000011110
101000000
110000110
000110000
110000011
000001111
111011110
101001100
000001110
010100000
101110110
010101100
000100011
110101001
111011001
101010011
111000100
111000000
001110110
100011100
111100011
011110001
011111111
011111111
110110100
001000000
011000100
000111000
001110010
111100100
010111110
000001011
110111010
000100000
110101000
010000000
001110000
011111111
100000110
000001001
111000001
111000000
110011000
110011100
111011010
101011100
110011110
000100001
110100110
101100000
011111111
110101100
001010100
000000010
110001110
111001011
111001111
001000000
011000100
000111000
001110010
111100100
010111110
000001011
110111010
000100000
010001111
001111100
111101100
011001101
111111000
001111001
110110000
010100000
111111101
000110100
000000000
000101000
111111000
100000101
110111101
110100000
110111011
110000100
011001100
001110011
000000110
000111011
101010000
100100000
101011101
111001100
001011000
100011000
001100110
001000111
000110011
000100000
010001111
001111100
111101100
011001101
111111000
001111001
110110000
110000000
100000000
111000000
001101100
000100100
011000010
010011111
101100000
001100000
011110111
000011010
000011100
000001001
000010010
111111000
010010110
000000000
100101111
111101100
010000100
110011100
111110000
101011001
000000100
000100000
000101011
100111010
001011100
000110111
111110000
011111111
100000000
110000000
100000000
111000000
001101100
000100100
011000010
010011111
101100000
000100000
110110000
110110100
101101010
000101001
101111101
101001101
101100110
000000000
110001000
111111110
000001100
010111001
111010011
001001010
001110010
000100000
010010000
010000100
110001110
001010111
101001011
111000111
001100010
111000000
011111111
011111111
111101100
100000000
001010101
100100010
011010110
000100000
110110000
110110100
101101010
000101001
101111101
101001101
101100110
010000000
111000111
100011000
100000000
110100010
001100010
110001111
111100001
001100000
111000101
001001000
011011110
100111100
101101000
000010111
011111111
100000000
010010111
111011000
110111010
011011110
111101000
001110001
001000111
010100000
000111001
011001000
110000110
111000100
111110010
111101001
110111001
010000000
111000111
100011000
100000000
110100010
001100010
110001111
111100001
001000000
111011111
001111000
110000001
001000100
011111111
000111110
000010000
010100000
111111111
111111100
000011111
110000100
001001010
111101000
110001010
011000000
100000000
111001000
101011101
110111100
110100101
111011110
000111010
111100000
010110111
001000100
001001111
100000000
101011100
101111100
011100000
001000000
111011111
001111000
110000001
001000100
011111111
000111110
000010000
110000000
110100011
000011100
100000000
110111100
110100001
111110011
000011111
000100000
111000001
000111110
101111010
101111100
111001000
001111100
001010101
010000000
011111111
100001000
001110100
001000100
001110101
111011001
000111001
001100000
111000101
110011110
001110110
000000100
111000110
010111000
001100011
110000000
110100011
000011100
100000000
110111100
110100001
111110011
000011111
111100000
011010010
000101000
000001011
100000110
100101110
010110101
111101110
001100000
111100100
011111111
111111001
100111110
110001111
101001001
101110110
011111111
001100110
100000000
111011011
110111010
000000010
100110111
010010100
110100000
111110100
001111010
001111101
011111111
000110001
001001011
110101100
111100000
011010010
000101000
000001011
100000110
100101110
010110101
111101110
001100000
110110010
111000100
111100001
011101100
000101010
000011010
000000010
010000000
001100000
001001110
010011111
001110111
101010101
000101010
100011010
100000000
001000110
110001000
001111001
101010100
111111010
110001010
110100100
101000000
011111111
001100110
110111011
001001001
100011111
000110010
010001100
001100000
110110010
111000100
111100001
011101100
000101010
000011010
000000010
000100000
000000001
001110010
000011001
011101100
010000111
011100000
000110010
100000000
110100101
100000000
010010011
111011100
001011101
110101101
001011111
010100000
110100101
000110110
001000001
101010100
111010011
010010100
101110100
001000000
000000001
100000000
111000111
001100100
111111101
001011111
101000111
000100000
000000001
001110010
000011001
011101100
010000111
011100000
000110010
001000000
000000110
011111111
110001110
101011100
111000111
001010111
000110011
111100000
000111000
110011100
000010010
010110111
101000111
010010111
101111110
101000000
001010010
100101100
101011110
111100100
111110001
100111101
001110001
000100000
011011000
001111000
011111111
010001001
110011001
101010101
111011110
001000000
000000110
011111111
110001110
101011100
111000111
001010111
000110011
111100000
001101011
101101100
010101100
000101101
101100001
111001010
100010100
111100000
101111101
000110110
110100110
010110101
110011110
111001011
000110100
000100000
001000011
000111000
011000100
111010011
001101001
010010010
010110100
000100000
010001001
000100110
100000000
101001011
111100100
111011001
000000100
111100000
001101011
101101100
010101100
000101101
101100001
111001010
100010100
111100000
100110111
001000110
010101001
100000000
011111011
001100011
001101111
011000000
110100111
101010000
111101101
001110001
000010110
001011100
110100100
001100000
010001111
001011110
110011101
000011110
111000011
110110001
100100111
000000000
000110111
110001100
000101001
110001111
110001000
000010000
001101010
111100000
100110111
001000110
010101001
100000000
011111011
001100011
001101111
001100000
001110000
001001010
001010110
011111111
100001100
010011001
000111111
100100000
010001110
111101100
000100110
111001101
111000011
000101100
111000111
000100000
011010100
110100010
111100110
111101011
001001100
101111011
111011001
111100000
110010110
110101000
110011110
101110011
101111101
001000000
000100001
001100000
001110000
001001010
001010110
011111111
100001100
010011001
000111111
000000000
011111111
000100110
000011101
010000000
101111100
100110001
110000110
111000000
000110100
100011100
110001111
111101101
111000111
000110001
011111111
101000000
111000010
001100010
110111001
010000000
111100100
010100011
101010000
010000000
000011000
001011100
000111111
110010011
111001001
111111011
001100001
000000000
011111111
000100110
000011101
010000000
101111100
100110001
110000110
100000000
100011001
010110100
101100110
111101001
101010001
101111110
000010100
000100000
110100101
001000100
111101110
001101001
010110111
110001110
001001111
000000000
000101101
100011000
010011010
000010111
000011101
010110110
111101100
111100000
001100001
011110000
000010010
010010111
010001111
100111110
110110001
100000000
100011001
010110100
101100110
111101001
101010001
101111110
000010100
111000000
110111000
001101010
101100011
000000000
010011101
000010101
100000000
011000000
111000110
110111010
110101001
100100110
010101010
000001101
111110011
001000000
100000000
111110010
000011111
000000000
001010111
001000111
011111111
001000000
011000110
111101010
000100001
111011010
111001010
110010111
010111011
111000000
110111000
001101010
101100011
000000000
010011101
000010101
100000000
000000000
001010111
101000010
001101100
110001001
101111101
100001011
110010000
001100000
111100011
010011110
001111000
111001001
011111111
000011011
001001100
000000000
110101011
000000010
111010000
110110111
001110001
111101101
010001000
010100000
101100111
011111111
101001100
111110111
111000101
111101101
110011100
000000000
001010111
101000010
001101100
110001001
101111101
100001011
110010000
111000000
011100010
111110110
111101100
101010111
110000010
111110001
000100000
001100000
000111010
011000100
001111010
011110001
110001101
001100110
001101010
001000000
000011110
101010110
010011100
100101001
111000110
001101011
101011000
000100000
111010110
111110000
000001110
000001111
000011011
100111110
100001110
111000000
011100010
111110110
111101100
101010111
110000010
111110001
000100000
110000000
111111011
010110000
111100111
010000100
000001010
000110101
001101000
111100000
111010011
001100110
010001101
001010111
011111111
111100101
100000000
101000000
010000111
110001000
001110011
111111100
111011100
110010011
001001110
001100000
101001111
011100010
101110101
000101001
101011100
100000000
000000000
110000000
111111011
010110000
111100111
010000100
000001010
000110101
001101000
110100000
010000100
001011110
010000001
110110111
101000101
100101110
110001010
000000000
000111100
110100100
100000000
000001001
001001111
001101110
010000010
111100000
010000100
010101010
100100101
110001001
101110011
111001010
111000000
011111111
111001100
001010100
011111111
000110111
111101001
110011010
010010000
110100000
010000100
001011110
010000001
110110111
101000101
100101110
110001010
010100000
111001001
110111000
101111001
010001001
111000101
111110110
010100111
110000000
011110101
100000010
101010101
000100100
010110111
000010010
010010111
110100000
111100001
010011000
011111111
010110111
101110101
011001010
110010111
101000000
110111101
100101110
110110101
110011100
110110011
010101110
110000111
010100000
111001001
110111000
101111001
010001001
111000101
111110110
010100111
011111111
010110001
100100110
110110000
000011100
101100110
011101110
110100000
101100000
110000111
011001100
000110000
000110111
111111001
001001010
111011011
100000000
000101001
101110110
101001100
010100100
110000000
000011010
000111000
000100000
001010011
110011000
011010100
000001001
001101101
110101110
001001101
011111111
010110001
100100110
110110000
000011100
101100110
011101110
110100000
000100000
001101100
010000100
000011101
000001001
111011001
111111100
110111101
001000000
000111110
001011000
110010001
111001001
010001111
001101001
010000100
000100000
101100100
010110000
111101001
000110111
110101111
111100000
110110001
110000000
111110010
101110100
110110101
111110111
111101001
100000000
011000010
000100000
001101100
010000100
000011101
000001001
111011001
111111100
110111101
010000000
010011011
010111100
000001010
000011010
110010010
110111100
110011011
011111111
101011011
101011100
110100000
100111000
101010001
101100010
000101000
111000000
001001111
011011100
010011110
101100110
000100000
011001100
100100001
111000000
001101111
100001100
011111111
001001000
001001001
000010110
110110100
010000000
010011011
010111100
000001010
000011010
110010010
110111100
110011011
010100000
010011010
100111000
001010111
110001001
111010111
111111101
110101000
001000000
101101100
111000000
001100101
011111111
010111111
000100000
010011010
100000000
001101010
000011100
000111111
110110111
000000001
001010111
000010110
001000000
110010000
111101100
110111001
110010100
101101001
010001100
100000000
010100000
010011010
100111000
001010111
110001001
111010111
111111101
110101000
101100000
110110110
101111110
101110111
110001011
000101101
010000011
010000110
111100000
011111111
000001100
111100101
110111000
011100011
001111001
001101010
010100000
100000000
