000000000000000000000
000000000000000000000
000000000000000000000
000000000000000000000
000000000000000000000
000000000000000000000
000000000000000000000
000000000000000000000
000000000000000000000
000000000000000000000
000000000000000000000
000000000000000000000
000000000000000000000
000000000000000000000
000000000000000000000
000000000000000000000
000000000000000000000
000000000000000000000
000000000000000000000
000000000000000000000
000000000000000000000
000000000000000000000
000000000000000000000
000000000000000000000
000000000000000000000
000000000000000000000
000000000000000000000
000000000000000000000
000000000000000000000
000000000000000000000
000000000000000000000
000000000000000000000
000000000000000000000
000000000000000000000
000000000000000000000
000000000000000000000
000000000000000000000
000000000000000000000
000000000000000000000
000000000000000000000
000000000000000000000
000000000000000000000
000000000000000000000
000000000000000000000
000000000000000000000
000000000000000000000
000000000000000000000
000000000000000000000
000000000000000000000
000000000000000000000
000000000000000000000
000000000000000000000
000000000000000000000
000000000000000000000
000000000000000000000
000000000000000000000
000000000000000000000
000000000000000000000
000000000000000000000
000000000000000000000
000000000000000000000
000000000000000000000
000000000000000000000
000000000000000000000
000000000000000000000
000000000000000000000
000000000000000000000
000000000000000000000
000000000000000000000
000000000000000000000
000000000000000000000
000000000000000000000
000000000000000000000
000000000000000000000
000000000000000000000
000000000000000000000
000000000000000000000
000000000000000000000
000000000000000000000
000000000000000000000
000000000000000000000
000000000000000000000
000000000000000000000
000000000000000000000
000000000000000000000
000000000000000000000
000000000000000000000
000000000000000000000
000000000000000000000
000000000000000000000
000000000000000000000
000000000000000000000
000000000000000000000
000000000000000000000
000000000000000000000
000000000000000000000
000000000000000000000
000000000000000000000
000000000000000000000
000000000000000000000
000000000000000000000
000000000000000000000
000000000000000000000
000000000000000000000
000000000000000000000
000000000000000000000
000000000000000000000
000000000000000000000
000000000000000000000
000000000000000000000
000000000000000000000
000000000000000000000
000000000000000000000
000000000000000000000
000000000000000000000
000000000000000000000
000000000000000000000
000000000000000000000
000000000000000000000
000000000000000000000
000000000000000000000
000000000000000000000
000000000000000000000
000000000000000000000
000000000000000000000
000000000000000000000
000000000000000000000
000000000000000000000
000000000000000000000
000000000000000000000
000000000000000000000
000000000000000000000
000000000000000000000
000000000000000000000
000000000000000000000
000000000000000000000
000000000000000000000
000000000000000000000
000000000000000000000
000000000000000000000
000000000000000000000
000000000000000000000
000000000000000000000
000000000000000000000
000000000000000000000
000000000000000000000
000000000000000000000
000000000000000000000
000000000000000000000
000000000000000000000
000000000000000000000
000000000000000000000
000000000000000000000
000000000000000000000
000000000000000000000
000000000000000000000
000000000000000000000
000000000000000000000
000000000000000000000
000000000000000000000
000000000000000000000
000000000000000000000
000000000000000000000
000000000000000000000
000000000000000000000
000000000000000000000
000000000000000000000
000000000000000000000
000000000000000000000
111011000000000000000
001001111000001000100
111101100011110001110
000010001101101000010
111110101101010000010
000001011110101111111
001000101001000101010
111111100011111101100
000000000000000000000
111011001010000111000
111010100001010111000
000010000100101011100
001010010111010010010
000010011010000011111
000001010000011011110
000000110100000100001
111111000000000000000
111000101110001010100
111111110110101110110
111011100110111000010
111101010010101111110
111001111100010010101
110111000111011001010
000011101100110011100
000010000000000000000
111111011010100101000
000000000100001000100
111101010001110011000
111101101000101101110
000100111111111010101
000110111111000101110
111110110000001011111
111011000000000000000
001001111000001000100
111101100011110001110
000010001101101000010
111110101101010000010
000001011110101111111
001000101001000101010
111111100011111101100
111111000000000000000
111110001111100101100
111111110101011101000
000000110110111100110
000011110101000001000
111101111101100001111
111111001100101110110
000011010000010011111
000101000000000000000
111101000001010101010
000111001110011111000
111101011000001111110
111000001010111111000
000010011111111011101
111110010101001111000
000100000100011110011
000011000000000000000
000011111010111101100
000100001010100011000
111011101011011101010
111110001010111111000
111100110011111111001
111001111110010000010
110110101001101101001
000001000000000000000
000000110100000111110
111100110001100001000
000000011011010100010
111101110101000001000
000010101110100011011
000000011111110010000
000111101011100010101
111111000000000000000
111110001111100101100
111111110101011101000
000000110110111100110
000011110101000001000
111101111101100001111
111111001100101110110
000011010000010011111
111100000000000000000
111101011010111100100
000011101111101011000
111100110010011101110
000001100101011111100
000001101010111001100
001001101111001000011
000110101111010110010
001000000000000000000
111100110011000010110
111001111101011000000
000001010000101101000
110101111011011101100
111110111001001101010
111101110010010010111
000011100100100010010
111000000000000000000
111101111001110010000
000000011111110110100
111110010100011111010
000100011010100000100
000001111011000110100
111010100000011001001
111101000100011011010
000100000000000000000
000010001110001100110
000001110011000110100
111000010100010010000
000100000100100010100
000011001010110100110
111101111110001011101
000011111011110000010
111100000000000000000
111101011010111100100
000011101111101011000
111100110010011101110
000001100101011111100
000001101010111001100
001001101111001000011
000110101111010110010
001000000000000000000
000000110100101110110
111011111010100001010
000110000111011101110
111100000000000000000
111001100100100001110
111100011101101110110
111101000010101100001
111100000000000000000
000100000001010001110
111101110001101110010
111100000111000110110
111010111011011101100
000001101011010100110
000011100010010001010
000101011100001111000
111110000000000000000
000001000111110101110
000010101010111110010
111111100010110001010
111100000000000000000
111100101001001011010
111100011101101110110
000010111110010000011
000010000000000000000
000010100001001100110
000011101000110010010
111011011001101001010
001001000100100010100
111111100111111011010
000011100010010001010
111101010111110101100
001000000000000000000
000000110100101110110
111011111010100001010
000110000111011101110
111100000000000000000
111001100100100001110
111100011101101110110
111101000010101100001
111100000000000000000
111101110010001000000
111011111000111110100
111100011111111000010
111011110000011110100
000100011010011001000
111111001101110001110
000100011110000011111
111100000000000000000
000011010011111100000
000011111100011110100
000000010010001011010
111101110000011110100
000000101000110110000
111101010000010000100
000000010111111000010
001000000000000000000
111001000101000110100
000011010010000000100
000010001011111011010
000100001111100001100
111110110111010100100
000100011100010000010
111101011110101101101
111100000000000000000
000000001010110011100
000000111000100010100
000110101100000011010
000110001111100001100
000001101111011110100
111011000101101101100
111000000001010100010
111100000000000000000
111101110010001000000
111011111000111110100
111100011111111000010
111011110000011110100
000100011010011001000
111111001101110001110
000100011110000011111
000000000000000000000
000000110101011010000
000001110101000111100
111111011101011100000
111110101101010000010
111110100101101011000
001100010011110010001
000001111001010101101
111001000000000000000
111101111001110000100
000000011010000010010
111110001110000111110
000110111100110001110
111100100011101010011
111111100110100010001
000010100111100010000
000010000000000000000
000010011011010111000
111010110000011000000
111010101010100011100
111101010010101111110
111111001110110101100
111100110000110000011
111111110101011101011
000101000000000000000
000001101010011111100
111111000000011110010
000100110100110111110
111101000011001110010
000010110010110100001
111011010100111011011
111110011110101100000
000000000000000000000
000000110101011010000
000001110101000111100
111111011101011100000
111110101101010000010
111110100101101011000
001100010011110010001
000001111001010101101
111000000000000000000
000100100000100011110
000101000101110010000
000010000010000111010
000100110101000001000
000100000010010011111
111110010010001111111
111011001110000100110
000010000000000000000
000001100010011001110
111001111111011111100
111101011110100111010
000000000000000000000
111011010010000101010
111011111000000010011
111110100001101010110
000000000000000000000
111110000110101011110
000001011001010001000
000100000100100111010
111111001010111111000
111101000010111101101
001001010111110010001
111000110100001000110
000010000000000000000
111011110110010110110
111011100001011101100
000111101110101110010
000000000000000000000
000011101000101001010
000000011101111011101
000010001000000011110
111000000000000000000
000100100000100011110
000101000101110010000
000010000010000111010
000100110101000001000
000100000010010011111
111110010010001111111
111011001110000100110
001001000000000000000
000101100110000001010
000000001100101000100
000110000001000011000
111111100010010001010
111011100011000011010
111111100101111101110
000001011001010000001
000100000000000000000
111111001000101010100
111101010000101110110
000001100010101101110
111011111000001111010
111011000101010100110
111110001010111000110
000000000100110011011
000101000000000000000
000100110000011011110
000010000010111001000
111101001000010000100
111000011101101110110
001001010101010000010
000000111111100001110
000000001111001110111
111010000000000000000
111100001010111010100
111100011111101111110
000000111110000000110
000000000111110000110
111010011000010101110
000101001111100111110
111000101000101011101
001001000000000000000
000101100110000001010
000000001100101000100
000110000001000011000
111111100010010001010
111011100011000011010
111111100101111101110
000001011001010000001
000000000000000000000
000000111110001000100
000000100000010000010
000011110001110101100
111101000011001110010
111010110011000011111
111110110101101001110
111011000111010011100
111101000000000000000
111100010100000111110
111100110011010111100
000010001101010001010
111111010010101111110
000000001000110000000
000110000001010001100
111110001000010010101
111010000000000000000
000001110101111100000
111111101111010001010
111110110110010110100
000110111100110001110
111100101101101100001
000011101111110101110
111011010100001011000
000101000000000000000
000011101100110100110
111010111101000111000
111101111111100011110
000000101101010000010
000101100001011111000
111111011001001111000
001000100111001101111
000000000000000000000
000000111110001000100
000000100000010000010
000011110001110101100
111101000011001110010
111010110011000011111
111110110101101001110
111011000111010011100
110111000000000000000
000000001001101101110
111100011000010010010
000010111111011100010
000101000111110000110
000101110100101001001
111100011100000101110
000000011000100001101
111110000000000000000
111011101010010001010
111011000101100111000
111100111011101001110
000111010111010010010
111100101010010000110
111101111100100010101
111110000100101001100
111101000000000000000
111001000111111011010
000000001101001101010
000000000011100011010
000000111000001111010
001000000110110111011
000100001001011001110
000000101101101100011
000110000000000000000
000010100101000010110
000100010100111001100
111101001100010101110
111010101000101101110
111101111001010001110
000101011101111101111
000011101010001001100
110111000000000000000
000000001001101101110
111100011000010010010
000010111111011100010
000101000111110000110
000101110100101001001
111100011100000101110
000000011000100001101
111110000000000000000
111010010010101001000
000100001110101001100
111011111001010010110
000100011010100000100
111101001101110011000
111011000000010111100
111101001001000100010
111100000000000000000
111110001100001111100
111101111011000110000
000001110101100000010
111101100101011111100
111101111100011100010
000010110101111000111
000001001110100110000
111110000000000000000
001001110101101000000
000110110101111001000
000001111011001101110
000001100101011111100
000001111001110000100
111001111011000110000
000110000111101100110
000100000000000000000
111010110110011110100
111111000000010111100
111101100000111110010
000000011010100000100
000101110001000001010
000000001110101001101
111110010101101010000
111110000000000000000
111010010010101001000
000100001110101001100
111011111001010010110
000100011010100000100
111101001101110011000
111011000000010111100
111101001001000100010
000100000000000000000
000001100100001100000
000110001111101000000
111010000100000001110
111110000111110000110
001010111101010010111
111010110110001110010
000011011011001110111
111111000000000000000
000111110110001100100
000001111111100001110
111100100011101101010
111101111000001111010
111100100010010101011
000000100111001001001
000100000100001110111
000010000000000000000
111001010101101111000
111111001010111000100
000010110010101010110
111001111000001111010
111101101001011010101
111010000101001111010
111010111100010010001
000011000000000000000
111101001111111000100
000000100101111101110
000000111011100100010
000010000111110000110
111010110110111101001
000010011101011001011
000011001110010010001
000100000000000000000
000001100100001100000
000110001111101000000
111010000100000001110
111110000111110000110
001010111101010010111
111010110110001110010
000011011011001110111
111101000000000000000
111110000111001100010
111110110011110101110
000111000001111000110
110111110000011110100
111100110111101000000
000000000110111000111
111111010100101101100
000101000000000000000
000100100110111101010
000100100100011000110
000001000001000010110
000010110101000001000
000011000011110110100
111111001000001000010
000010110011111110011
000111000000000000000
000000110010011000110
111110010111001001010
111101010101000110010
000000001111100001100
110111100111010010000
000010101110001000001
111010001001110000100
111111000000000000000
000111110011100001110
111110010000101000010
000000010010000000010
111101001010111111000
111101001001001011100
111110000010110110110
111110000011100001101
111101000000000000000
111110000111001100010
111110110011110101110
000111000001111000110
110111110000011110100
111100110111101000000
000000000110111000111
111111010100101101100
000110000000000000000
111101100100001100100
111110110010100001110
111110001000010110000
000101100101011111100
111100101001111000011
000100001001111100101
000011101110111110000
000000000000000000000
000001000110110101000
111001101011100000010
000000110010010100100
111110011010100000100
111101011111101001011
111011111110111111110
111101011010110111001
111010000000000000000
111100110001100100100
111100100111111110110
000011011000101011100
001000011010100000100
000000100010000011001
000011010000100011111
000001000011110001000
111000000000000000000
000111011000011011000
111110111001111111010
111010110111101001000
111011100101011111100
000010011111011010001
001000100110011111110
000000100111011010111
000110000000000000000
111101100100001100100
111110110010100001110
111110001000010110000
000101100101011111100
111100101001111000011
000100001001111100101
000011101110111110000
111101000000000000000
000000111111000011100
111001101111010011100
111110001000010100100
111110010101111110000
111010111100100010110
000101001100010111010
000000100101010110111
111011000000000000000
111111101001011111100
000111000000010110000
000100000010101111000
111110000000000000000
111110100010010011010
111100011111010110001
111111001101001000011
000101000000000000000
111101001010101100000
000010110110001100000
111101011010001011100
001001101010000010000
000101110100011100010
000001000011001010010
111111101110111011101
111111000000000000000
000010001100110001000
111000011010001010100
000000011010110001000
111110000000000000000
000000101100101101110
000001010001001000011
000000011110100101001
111101000000000000000
000000111111000011100
111001101111010011100
111110001000010100100
111110010101111110000
111010111100100010110
000101001100010111010
000000100101010110111
111101000000000000000
111100010010101101000
000001111111001010010
000111010101101010100
111100010010101111110
111110110100001001110
000010100101001110010
111011011101011010000
000100000000000000000
111001000111010010100
111001111100001111000
111110011101100110100
000101000111110000110
000000111111101111111
000000011010000110111
111100000001110110001
000001000000000000000
000010101101100110000
000001101010110111110
111011110100100101100
111101101101010000010
111101100101101001010
111100100101110000110
111101101011110101000
111110000000000000000
111111011001010111100
111110011001101111000
000110110111001100100
000000111000001111010
001011000101100000001
000100011010111010001
000010010101110111111
111101000000000000000
111100010010101101000
000001111111001010010
000111010101101010100
111100010010101111110
111110110100001001110
000010100101001110010
111011011101011010000
000010000000000000000
111110000001101101110
000000010001010011000
001010011110010000010
000000110101000001000
111110000000100110110
111011111010101110100
111101111100101101111
000000000000000000000
111110110101110101000
111100110011101101000
000010000010000001100
111100000000000000000
111011111001000000100
111010011000110000110
111100110101001011010
000110000000000000000
111011101010100001110
001000100011101110000
110110100111000001010
111011001010111111000
000010011100000101110
111110000101010001100
000100101010100001101
000100000000000000000
000111011101111011100
000110010111010010000
111100111000101101000
111100000000000000000
000011101010010011000
111111100111001111010
000000100011100101010
000010000000000000000
111110000001101101110
000000010001010011000
001010011110010000010
000000110101000001000
111110000000100110110
111011111010101110100
111101111100101101111
111011000000000000000
000010001011111110110
000000010100111011110
111100011111111001010
111001100101011111100
111111110100011010111
111111010110110001111
111011110100101000001
000011000000000000000
000110100111100000000
001010011011100001010
000101000010010001000
111100001010111111000
111101011111110111110
111101101110011111101
000001000011010001001
000101000000000000000
111101110100111101110
111111011011100010110
000000111001110011110
111100011010100000100
000101110101110100001
000000111000101111101
111100110001011001011
001001000000000000000
111100001100100100100
111101110100000000010
000000011001000011000
000001110101000001000
111010000000111000010
111010000001111110111
000011100001101100011
111011000000000000000
000010001011111110110
000000010100111011110
111100011111111001010
111001100101011111100
111111110100011010111
111111010110110001111
111011110100101000001
111001000000000000000
111001110000100001100
111001111100001111000
000000010001100100100
111101101101010000010
111110111000110011110
000110010010000111000
111010111011110001011
000110000000000000000
000000010000101010010
000001101010110111110
111011111101000101110
000001101101010000010
000010110010100110010
111010110110111101110
000010101001100100011
000101000000000000000
000010100010111101100
111110011001101111000
000001010000011001100
111100010010101111110
000010101001001010010
000001010111111011000
000001010111101101101
000000000000000000000
000011011011110110110
000001111111001010010
000010100000111100010
000000010010101111110
111011101011011011110
000001011111000000010
000001000010111100101
111001000000000000000
111001110000100001100
111001111100001111000
000000010001100100100
111101101101010000010
111110111000110011110
000110010010000111000
111010111011110001011
111111000000000000000
111111111101101011010
000001010011111111100
000010011000111010000
111000010101111110000
110110110100001100111
000000000000000000000
000011001111110011001
000001000000000000000
111111010011110101010
111111001000101101000
111110000011100001100
111110100101011111100
000010110100101101010
000000000000000000000
000000101011010000001
001001000000000000000
111111011110001010110
000111001011000011100
000000000110111000000
000011101010000010000
111101110001000001001
000000000000000000000
111101111100111011111
111011000000000000000
000100000101010101110
111000011000010000000
000010010001101101100
000001011010100000100
000101110001000011110
000000000000000000000
111011010010111111111
111111000000000000000
111111111101101011010
000001010011111111100
000010011000111010000
111000010101111110000
110110110100001100111
000000000000000000000
000011001111110011001
111101000000000000000
111000011000101011010
000001001110010110010
111100111001011110110
000010000000000000000
000100111001100000100
111111001110010110001
000010000100001100101
111011000000000000000
000000010011001001010
000100001001111000010
111100000010001101110
000011011010100000100
111101110101111100001
111011110110001000000
111011110011101110111
111111000000000000000
111101100000101111010
000000110001101001110
000011001101111110110
000010000000000000000
000110000110011110000
111110110001101001111
111011101001110010111
000001000000000000000
000001010100011001010
111101110110000111110
000001000001010011110
000000100101011111100
111111101001001000011
000010001001111000000
001001010011010010101
111101000000000000000
111000011000101011010
000001001110010110010
111100111001011110110
000010000000000000000
000100111001100000100
111111001110010110001
000010000100001100101
111011000000000000000
111100101100100111010
111100111101110001110
000100001001000011110
111101111000001111010
111011100111100110000
000001011001010111011
000010010000101110011
000100000000000000000
000010100010001010010
111110100000000111100
000010010100100010000
111101000011001110010
111111111111110011010
111100110100111110111
111100101100101000100
111011000000000000000
000000100101101000010
000000110010101100110
000000111110111010010
000010000111110000110
000011110110010110000
111110000001001001001
110101010111011111001
000010000000000000000
000101110101101000010
000111101111011010000
111110001101100010000
000110111100110001110
111010111000001110110
111111110000100000101
000110000001001000000
111011000000000000000
111100101100100111010
111100111101110001110
000100001001000011110
111101111000001111010
111011100111100110000
000001011001010111011
000010010000101110011
111111000000000000000
000000011111100010000
111101010000010101000
000001100100000010100
000010011010100000100
111111001001100000011
000011000100111010000
000011110000011011100
000011000000000000000
111111110000011001000
000111000010101000000
111010000110001000100
110010100000111101000
000000010011011101011
111100110001010110011
111011010101111100101
000101000000000000000
111111111100001110000
000000100000001001100
000001010000000010000
111111100101011111100
000001100000000001001
000001111111101000100
000001111001110011100
000001000000000000000
111100111110110110000
111111001100111001100
000101111010110100000
000011011111000011000
000001111000000010001
111010001010000111001
111100001010110011011
111111000000000000000
000000011111100010000
111101010000010101000
000001100100000010100
000010011010100000100
111111001001100000011
000011000100111010000
000011110000011011100
111100000000000000000
111110101110100110110
111111000110000000110
000000100010111010100
000011000000000000000
000001110100100000000
111001011001100000010
111100110001100010110
001000000000000000000
111110001110110110010
111111001101011110010
001001011111000000000
111010001010111111000
000001011001110001100
111101110110000011011
000000010000110001001
000000000000000000000
111111010100110100110
000100010100011111110
000100111010010010100
000011000000000000000
000111111101110011000
000110000001000000010
110110110100111010110
111100000000000000000
111011001110101011010
000001011000000001010
111001100010110110000
111111110101000001000
111101010010111110100
111110101111011100001
000011101001101110011
111100000000000000000
111110101110100110110
111111000110000000110
000000100010111010100
000011000000000000000
000001110100100000000
111001011001100000010
111100110001100010110
111110000000000000000
000001100000110100110
111101010011011111000
111111100011111000000
000001110101000001000
111110111110100000101
000001010010111100101
000010001101010111001
000010000000000000000
000000011111011100110
000010100001111110000
111101100010111011100
111010110000011110100
111011100100011111011
111001011101001110111
111101001001101110100
000100000000000000000
001100011011101000010
000100101100100001000
111101011000001100000
111100001010111111000
000100111011000010011
111100101101000011011
000101001011101010111
000000000000000000000
111100111000001010010
111111011110000010000
000101100001000000100
000011001111100001100
110101001101111001101
000100100010110001001
111011011101001111100
111110000000000000000
000001100000110100110
111101010011011111000
111111100011111000000
000001110101000001000
111110111110100000101
000001010010111100101
000010001101010111001
000010000000000000000
111101101100110110010
111111011111101001010
000001011001010111010
111111000000000000000
000010011010111001101
111011101110100100010
000000001110011101100
000000000000000000000
000010111100000011010
111110111101100101010
111010000111011110010
111110110000011110100
111110101100011111100
111001101001011001010
000000111000111011101
110100000000000000000
111110101110000110010
000111010101010111110
000010011010100111010
111111000000000000000
000100001110000101111
111101011100011010110
111111000001100000000
000110000000000000000
111101110011111111010
000010001101011001110
111111001111100010010
000111001111100001100
111101011111100010000
000101001011100111110
000010101100000111111
000010000000000000000
111101101100110110010
111111011111101001010
000001011001010111010
111111000000000000000
000010011010111001101
111011101110100100010
000000001110011101100
111000000000000000000
000111010000001110000
000001011101011101110
000100110101001010010
000001000111110000110
111010000010110000001
111000000001100101010
111101001010000010011
000101000000000000000
111101101010010011110
000111100010101011000
111101101101011011110
000101000111110000110
111110000110001101100
111100010111000011001
111101000001001101000
000000000000000000000
111010011110100101000
111011011101111111110
000001000010110110010
111100111000001111010
000000000101001111011
111111101110111001010
000001000111001010101
111111000000000000000
000011011011111010010
000011100001110111100
111111001111100100110
000000111000001111010
000100111100110010000
000011111000011110011
000001111000100101000
111000000000000000000
000111010000001110000
000001011101011101110
000100110101001010010
000001000111110000110
111010000010110000001
111000000001100101010
111101001010000010011
111100000000000000000
111111100110101000100
111010100110001010010
111100010101100101010
001001011111000011000
111010100000010101100
111101100100000111110
000010011010100110100
111010000000000000000
111111010011010011100
111001011010010111110
000100101000001100100
111111100101011111100
000000011100011011100
111111110101001011100
000001100011111101010
000010000000000000000
000100010011101010000
111100100100110100110
111110001110001010010
111000100000111101000
000000000011011010000
001011010000111001010
000001011111101100000
000100000000000000000
000010011100011100000
000011011010101001010
111011001010000010000
000010011010100000100
111111010101110011000
000011010101110011100
000000001011110010010
111100000000000000000
111111100110101000100
111010100110001010010
111100010101100101010
001001011111000011000
111010100000010101100
111101100100000111110
000010011010100110100
000101000000000000000
000010000101011110000
111110100000101100010
000011000010111011100
111011111000001111010
000100010101110110001
111111011011101001101
111010001101001111110
000010000000000000000
000011111000010110000
000111110110110111100
111111010100000001110
111100101101010000010
111011010101000001010
111110010110000000001
000100101000111111000
000101000000000000000
111111010101111111000
000010000100110011010
000001101000010110000
000000000111110000110
111111111001111000011
000010110011110111111
000011101110101110010
000000000000000000000
000000010110001111000
111011100011101001000
000001101010101110110
111011010010101111110
111010110001001110010
111011011010011110011
110111110001000001000
000101000000000000000
000010000101011110000
111110100000101100010
000011000010111011100
111011111000001111010
000100010101110110001
111111011011101001101
111010001101001111110
000010000000000000000
000001110011011111100
111101001101011110010
000000101001101101100
111101000000000000000
111011000111001011110
000010000010011111010
111101100000110001101
000010000000000000000
111101111101101000110
000010010100011111110
000101010101100010010
001111011111000011000
000000110001100101100
111100010001000000000
000100011100011110110
111110000000000000000
000100010010010010100
111111011000000001010
111101110101010001000
111101000000000000000
111111111000010011110
000100001101000010010
111101101100011111011
110110000000000000000
000100011011101000010
111101000110000000110
111111000000100000010
111110100000111101000
111011101111111000000
000001011111011110100
111101100001001111010
000010000000000000000
000001110011011111100
111101001101011110010
000000101001101101100
111101000000000000000
111011000111001011110
000010000010011111010
111101100000110001101
000001000000000000000
000001000101100001110
111101101010110101100
111010111010101000000
000101110101000001000
000011000010010100010
111001100001101000100
000110000111101011000
111111000000000000000
000011101110010111010
000100101000000111100
000001111110101111000
111100110000011110100
111111110000010000111
000001100100001011100
000011001100110000010
111111000000000000000
111100110110011100010
000000111010101010000
000001010001100110100
000000001010111111000
000001101000111101010
000101000011110111000
000000010011010110000
111001000000000000000
111000101011101000110
111100110010011001000
110110100000111110100
000101001111100001100
000001001110011111101
111111110110010101000
000001101100010010110
000001000000000000000
000001000101100001110
111101101010110101100
111010111010101000000
000101110101000001000
000011000010010100010
111001100001101000100
000110000111101011000
000000000000000000000
111110101101000111100
000011111010110000110
000100100010011101110
000101000111110000110
000011001010110101001
111010000111111001110
111010010010001011000
111001000000000000000
000100010110000110000
111101011000110111000
000001100010010010000
000011111100110001110
111011110111001001010
111110111001010011111
111110100101001001000
000100000000000000000
111101001010100111100
000011001001110001110
000011010011000011110
