000000000000000000000
000000000000000000000
000000000000000000000
000000000000000000000
000000000000000000000
000000000000000000000
000000000000000000000
000000000000000000000
000000000000000000000
000000000000000000000
000000000000000000000
000000000000000000000
000000000000000000000
000000000000000000000
000000000000000000000
000000000000000000000
000000000000000000000
000000000000000000000
000000000000000000000
000000000000000000000
000000000000000000000
000000000000000000000
000000000000000000000
000000000000000000000
000000000000000000000
000000000000000000000
000000000000000000000
000000000000000000000
000000000000000000000
000000000000000000000
000000000000000000000
000000000000000000000
000000000000000000000
000000000000000000000
000000000000000000000
000000000000000000000
000000000000000000000
000000000000000000000
000000000000000000000
000000000000000000000
000000000000000000000
000000000000000000000
000000000000000000000
000000000000000000000
000000000000000000000
000000000000000000000
000000000000000000000
000000000000000000000
000000000000000000000
000000000000000000000
000000000000000000000
000000000000000000000
000000000000000000000
000000000000000000000
000000000000000000000
000000000000000000000
000000000000000000000
000000000000000000000
000000000000000000000
000000000000000000000
000000000000000000000
000000000000000000000
000000000000000000000
000000000000000000000
000000000000000000000
000000000000000000000
000000000000000000000
000000000000000000000
000000000000000000000
000000000000000000000
000000000000000000000
000000000000000000000
000000000000000000000
000000000000000000000
000000000000000000000
000000000000000000000
000000000000000000000
000000000000000000000
000000000000000000000
000000000000000000000
000000000000000000000
000000000000000000000
000000000000000000000
000000000000000000000
000000000000000000000
000000000000000000000
000000000000000000000
111101100000000000000
111110110001111000111
111111010110101000001
000100010100100011000
000000000000000000000
111101010000101011100
000101001011101001001
000000101000001101111
111111100000000000000
111111111011010111011
111110101001010111111
111011100011101100010
000001000000000000000
000000000010000100010
111110110100010110111
000011011111100010111
111101100000000000000
111110110001111000111
111111010110101000001
000100010100100011000
111111100000000000000
111111111010101110100
000001111010100000100
111111100110010111100
000010100000000000000
000011100111001111100
111100000101011111100
111111001010100111100
000001100000000000000
000010000101010001100
111111000101011111100
111100111111001000000
000000100000000000000
111110011000110000100
111110111010100000100
000000001111111001000
111111100000000000000
111111111010101110100
000001111010100000100
111111100110010111100
111110000000000000000
000001110111110101100
000000110010101111110
000100110111100100100
000100000000000000000
111100111110101100000
111010111101101110110
111110111001001001100
111100000000000000000
000000001111111011010
000010001101010000010
111101010000001100010
000010000000000000000
000000111001100011010
000010000010010001010
111110111111000101110
111110000000000000000
000001110111110101100
000000110010101111110
000100110111100100100
000100000000000000000
111101111101010000101
111110000000000000000
111110001110110111011
111110000000000000000
111110111000110111001
111101011101101110110
000001110001001000101
111111000000000000000
000001010101011111001
111110000000000000000
111110001110110111011
000001000000000000000
000001110100011001001
000100100010010001010
000001110001001000101
000100000000000000000
111101111101010000101
111110000000000000000
111110001110110111011
111110000000000000000
111101111100011111010
111101111000001111010
111111100110111000110
111110000000000000000
000001111110001111010
111110111000001111010
111110101000001000010
000100000000000000000
000001101001000000010
000010000111110000110
000010001110001000010
111110000000000000000
000000011100010001010
000011000111110000110
111101100010110110110
111110000000000000000
111101111100011111010
111101111000001111010
111111100110111000110
000000000000000000000
000000111010100011110
111111010110101000001
000110001001111001011
111100100000000000000
000000001101000001001
000011011110011000111
111111110011010001010
000001000000000000000
111101011000001100000
111110101001010111111
111110011000010111111
000010100000000000000
111111100000001111001
111110100001100111001
111101101010011101100
000000000000000000000
000000111010100011110
111111010110101000001
000110001001111001011
111100000000000000000
000010100010111001000
000010011010100000100
111111001001000111110
000001000000000000000
111100111111101111110
000000000000000000000
111101111100000001000
000000000000000000000
000000101100101000100
111111100101011111100
000100101011111001010
000001000000000000000
111101110000101110110
000000000000000000000
000000001110111110000
111100000000000000000
000010100010111001000
000010011010100000100
111111001001000111110
000100100000000000000
000000000110010100010
111111110001001000101
111111110010111110111
000010000000000000000
111110101000010111011
111101111100000111101
111111000101011100010
000010100000000000000
000001000001011100100
111100001110110111011
000000011111110000111
111101000000000000000
111110001111110111111
000000000011111000011
000010100111110100000
000100100000000000000
000000000110010100010
111111110001001000101
111111110010111110111
000000000000000000000
000000010000001000001
111110100001100111001
111111011010110100110
111110100000000000000
111110011001101011110
111111101001010111111
000011000000101000111
111101000000000000000
111111110111101000101
000011011110011000111
000001110111111011000
000010100000000000000
111101011110100011100
000000010110101000001
111111101100100111011
000000000000000000000
000000010000001000001
111110100001100111001
111111011010110100110
111011100000000000000
111110001100001001001
000010100011111000011
111110001110000010110
111111000000000000000
111101100010110011100
000011101011101001001
111110111110010001001
111110100000000000000
000000000110100110101
000000011100000111101
000010000100101101000
000011000000000000000
000010001010011100110
111101010100010110111
000010101110111111001
111011100000000000000
111110001100001001001
000010100011111000011
111110001110000010110
111111000000000000000
000010000111010100110
000010001101010000010
111101100000001011110
111110000000000000000
111110111101100011000
111110110010101111110
000001011010111100100
111111000000000000000
000011011010111100100
000000110010101111110
111100111101100011000
000010000000000000000
111111100000001011110
000000001101010000010
000000000111010100110
111111000000000000000
000010000111010100110
000010001101010000010
111101100000001011110
000010000000000000000
000011000111110100000
111111000011111000011
111101011011000111001
111111100000000000000
000000111111110000111
111110111100000111101
000000010011100100100
000001000000000000000
111111100101011100010
111100111100000111101
111101000010100111101
000001100000000000000
000000010010111110111
000001000011111000011
000001001110101100110
000010000000000000000
000011000111110100000
111111000011111000011
111101011011000111001
111110100000000000000
111111011001111010111
111011111000001111010
000000000011011100011
000010100000000000000
000010010010001100011
000001011010100000100
111111100100000100001
000011100000000000000
111111001011100100101
000000000111110000110
000001010111000100001
111111100000000000000
111111001000010100001
111110100101011111100
111111000001011011011
111110100000000000000
111111011001111010111
111011111000001111010
000000000011011100011
000011000000000000000
111111011001010000111
000010110010101111110
000010000100111110011
000000000000000000000
111100110101110000001
111111001101010000010
111101111111011111101
111101000000000000000
111110010011111111011
000100001101010000010
000001101000010001111
111100000000000000000
111111011100111111101
111101110010101111110
000100010011010000001
000011000000000000000
111111011001010000111
000010110010101111110
000010000100111110011
111110100000000000000
111100110111101001110
111111001010111111000
000010100110001011110
111101100000000000000
000011100000001011000
111111000000000000000
111110001111101011000
000010100000000000000
000001011011000110000
000100110101000001000
000000100001100101000
111111100000000000000
111100001101000101010
111111000000000000000
000000101000100100010
111110100000000000000
111100110111101001110
111111001010111111000
000010100110001011110
111110100000000000000
000000111111100101001
111110001001010111111
000001010010100111010
000010000000000000000
111100111110000111100
000010100011111000011
000000001101000011011
000000100000000000000
000000110101011011111
111110110110101000001
111110010010111000010
111111000000000000000
111111001100110111100
000000011100000111101
000010001101011101001
111110100000000000000
000000111111100101001
111110001001010111111
000001010010100111010
000001000000000000000
000000001000101001100
000000011010100000100
111101111101010111010
000000000000000000000
111110011001110110100
111110000000000000000
111101001100011000010
000011000000000000000
000100010001110111000
111101100101011111100
111111000010101000110
000010000000000000000
000011001011101001000
111110000000000000000
111111110011100111110
000001000000000000000
000000001000101001100
000000011010100000100
111101111101010111010
111101100000000000000
000000001010011101111
111100110010101111110
111111101011011000111
000001100000000000000
000101001101110000101
111110000101011111100
111110110111001111111
000010100000000000000
111111101101110001011
111110001101010000010
000000011100010111111
000100100000000000000
111110111010000000001
000000111010100000100
111101000000111111011
111101100000000000000
000000001010011101111
111100110010101111110
111111101011011000111
111100100000000000000
111100111110000111100
111110110110101000001
000011001001000011101
000011000000000000000
000000110101011011111
000000110110101000001
111101011011011110110
000010100000000000000
111111001100110111100
111110001001010111111
000000101011111101011
000000000000000000000
000000111111100101001
000000001001010111111
000000101111100000010
111100100000000000000
111100111110000111100
111110110110101000001
000011001001000011101
111111100000000000000
000000101001111111110
111100001010111111000
000000000000000000000
000000100000000000000
111111100100010110100
111111010010101111110
000000000000000000000
000100100000000000000
000011100101100001110
000001110101000001000
000000000000000000000
111101100000000000000
111100001100001000000
000000101101010000010
000000000000000000000
111111100000000000000
000000101001111111110
111100001010111111000
000000000000000000000
111110100000000000000
000000100111001011001
000001000000000000000
111111100111001011001
111101100000000000000
000010000100111100001
000001101101010000010
111101111011000011111
111111100000000000000
000000011000110100111
000001000000000000000
111111011000110100111
000000100000000000000
111110111011000011111
000000010010101111110
000001000100111100001
111110100000000000000
000000100111001011001
000001000000000000000
111111100111001011001
111101100000000000000
111110011110111000111
111110111100000111101
000000101100101011110
000010000000000000000
111111010000000011110
111110100001100111001
111110011010011111011
111101100000000000000
000000011001010110011
000001000011111000011
111111000000100100100
000001000000000000000
000011110111101101000
000011011110011000111
111111111000010000011
111101100000000000000
111110011110111000111
111110111100000111101
000000101100101011110
111111100000000000000
111110101000001010100
000001001101010000010
000001100010011101000
000001100000000000000
000011100001010100000
111001010000011110100
111110011000101011010
000010100000000000000
000000010000000100110
111111110010101111110
000000111111110100010
000000100000000000000
111111100110011100110
000001101111100001100
111101000101000011100
111111100000000000000
111110101000001010100
000001001101010000010
000001100010011101000
111110000000000000000
111111100011000000011
000001100000000000000
111100101100101111111
000100000000000000000
111111100110101111001
111101000101011111100
111110111011000001101
000000000000000000000
000010001010001111111
000001100000000000000
000011000000100000011
111110000000000000000
000000101100000000101
111111111010100000100
111111010111101110001
111110000000000000000
111111100011000000011
000001100000000000000
111100101100101111111
111111000000000000000
111110101001101111100
000000111010100000100
000000101001011110100
000001000000000000000
000001010000111111000
111101011000001111010
111100101110100111010
000010000000000000000
000010010110010000100
111110000101011111100
111110010110100001100
000000000000000000000
111111101111000001000
000001100111110000110
000010010001011000110
111111000000000000000
111110101001101111100
000000111010100000100
000000101001011110100
000001000000000000000
111111101111110100101
111111100000000000000
111101110111010010001
000000000000000000000
111111011110110010101
111111011000001111010
111100110100101100011
111010000000000000000
000011101010101011111
111111100000000000000
111110101110001101011
000011000000000000000
000001000110101100111
000011100111110000110
000010100101110100001
000001000000000000000
111111101111110100101
111111100000000000000
111101110111010010001
111100000000000000000
000000101110101110111
000000100011111000011
111100000000110010100
000010100000000000000
000011110001010101100
000010100011111000011
111110001011100001011
000000000000000000000
111101101110111111111
111110011100000111101
111111110111011100110
111111100000000000000
000001110000111011110
000000011100000111101
000001111100001111011
111100000000000000000
000000101110101110111
000000100011111000011
111100000000110010100
111110000000000000000
111101010011000101001
000100101111100001100
111110110010000011101
111101000000000000000
111100101101001011111
111111110010101111110
111111111010100101101
000001000000000000000
111110010010011010011
111100010000011110100
000101101000011100111
000010000000000000000
000001101101010100101
000001001101010000010
000001101010111001111
111110000000000000000
111101010011000101001
000100101111100001100
111110110010000011101
000010100000000000000
111111010000010110001
111101111100000111101
111111101101110100110
000001000000000000000
000011111011011011110
111110010110101000001
111111001011000000001
000010100000000000000
000001000010011001101
000000000011111000011
000001011001111100000
000000000000000000000
111101110001110100100
111101101001010111111
111101101101001111001
000010100000000000000
111111010000010110001
111101111100000111101
111111101101110100110
000001000000000000000
111110100110101111001
111110100000000000000
000001000001001111101
000001000000000000000
000001001010001111111
000111101111100001100
111110001000011111111
111111000000000000000
111111101100000000101
111110100000000000000
000010000110100001001
111011000000000000000
111110100011000000011
111111010000011110100
000000101111101111011
000001000000000000000
111110100110101111001
111110100000000000000
000001000001001111101
000000100000000000000
111110110101011010110
000010111010100000100
111100110000110100000
111111100000000000000
000010010100000011110
111110011000001111010
000000110010000101110
111111100000000000000
000000011101010101000
000000000101011111100
000010100001111011110
111100100000000000000
111110011001001100100
000010100111110000110
111111111011001010100
000000100000000000000
111110110101011010110
000010111010100000100
111100110000110100000
000000000000000000000
000001111101011000011
000010100011111000011
111101000011111100100
111100100000000000000
111110101100011011100
000001111110011000111
111111011100101001111
