000000000000000000000
000000000000000000000
000000000000000000000
000000000000000000000
000000000000000000000
000000000000000000000
000000000000000000000
000000000000000000000
000000000000000000000
000000000000000000000
000000000000000000000
000000000000000000000
000000000000000000000
000000000000000000000
000000000000000000000
000000000000000000000
000000000000000000000
000000000000000000000
000000000000000000000
000000000000000000000
000000000000000000000
000000000000000000000
000000000000000000000
000000000000000000000
000000000000000000000
000000000000000000000
000000000000000000000
000000000000000000000
000000000000000000000
000000000000000000000
000000000000000000000
000000000000000000000
000000000000000000000
000000000000000000000
000000000000000000000
000000000000000000000
000000000000000000000
000000000000000000000
000000000000000000000
000000000000000000000
000000000000000000000
000000000000000000000
000000000000000000000
000000000000000000000
000000000000000000000
000000000000000000000
000000000000000000000
000000000000000000000
000000000000000000000
000000000000000000000
000000000000000000000
000000000000000000000
000000000000000000000
000000000000000000000
000000000000000000000
000000000000000000000
000000000000000000000
000000000000000000000
000000000000000000000
000000000000000000000
000000000000000000000
000000000000000000000
000000000000000000000
000000000000000000000
000000000000000000000
000000000000000000000
000000000000000000000
000000000000000000000
000000000000000000000
000000000000000000000
000000000000000000000
000000000000000000000
000000000000000000000
000000000000000000000
000000000000000000000
000000000000000000000
000000000000000000000
000000000000000000000
000000000000000000000
000000000000000000000
000000000000000000000
000000000000000000000
000000000000000000000
000000000000000000000
000000000000000000000
000000000000000000000
000000000000000000000
111100100000000000000
000010011100100100110
000001100011111000011
000001111001110000001
000010000000000000000
111110010111011000011
000000010001001000101
000001101111110010110
000011100000000000000
111111101011001100000
111111011100000111101
111011111110011111001
000000000000000000000
111111100000110110111
111100101110110111011
000000010111111110000
111100100000000000000
000010011100100100110
000001100011111000011
000001111001110000001
000011000000000000000
000000000100010000000
000001000000000000000
111110111001101000100
000010000000000000000
111111110110011110100
111110000000000000000
111111010101011000100
000001000000000000000
000011110000110001000
000001000000000000000
000001100000111000000
111100000000000000000
111110010100100000100
111110000000000000000
111110010000000111000
000011000000000000000
000000000100010000000
000001000000000000000
111110111001101000100
000010000000000000000
000000000010001100110
111101110010101111110
111110010001101100000
000011000000000000000
111111010001101100000
000000100111110000110
111111000010001100110
000010000000000000000
000000010000100011000
111111001101010000010
000001011011100100010
111111000000000000000
000010011011100100010
111100011000001111010
111111010000100011000
000010000000000000000
000000000010001100110
111101110010101111110
111110010001101100000
111110100000000000000
111110101000011111111
000011111010100000100
111111000001110111011
111101100000000000000
000001100001001111101
111101110010101111110
111110011011011111111
000001100000000000000
000001001111101111011
000001000101011111100
111110010000111000011
000000100000000000000
000010100110100001001
111111001101010000010
000000010001110000011
111110100000000000000
111110101000011111111
000011111010100000100
111111000001110111011
111110100000000000000
111111000011101110110
111100011000001111010
111111000010110110110
000000100000000000000
000001100011100000110
000000110010101111110
000001000110111000110
000010100000000000000
111101100001110000110
000000100111110000110
000000001000001000010
111110100000000000000
111101110110111111110
000010001101010000010
000011101110001000010
111110100000000000000
111111000011101110110
111100011000001111010
111111000010110110110
000000000000000000000
000000110100111111111
000000100011111000011
111111011100110010110
000001100000000000000
000000010010001011010
000000001001010111111
111101110100000111111
000000000000000000000
000010010010110000111
111110011100000111101
111110110101111101000
111110100000000000000
111110100110000100000
000000110110101000001
000001111001001000011
000000000000000000000
000000110100111111111
000000100011111000011
111111011100110010110
111111100000000000000
000001001111001110010
000000110010101111110
000011101110001000010
111111100000000000000
000001111111010000110
000001001101010000010
111111000010110110110
111111100000000000000
111110001011010010010
000010001101010000010
000001000110111000110
111101100000000000000
111010100110001110110
111111110010101111110
000000001000001000010
111111100000000000000
000001001111001110010
000000110010101111110
000011101110001000010
111011000000000000000
111111001111010000001
000011001011101001001
111110110000000011110
000000100000000000000
111111100100010011010
000001101001010111111
111101111110111000111
111110000000000000000
000001011110000000001
111100110100010110111
000011010111101101000
000010100000000000000
111111101110011100100
000010010110101000001
111111111001010110011
111011000000000000000
111111001111010000001
000011001011101001001
111110110000000011110
000011000000000000000
000001001000111101000
000100010001001000101
000001000101100000101
111111100000000000000
111101110100101111101
000000010001001000101
000000011111011011100
111111000000000000000
000000111110110011110
000000101110110111011
111111100111101111101
111100100000000000000
000000000011011111101
111100101110110111011
111110110011010100010
000011000000000000000
000001001000111101000
000100010001001000101
000001000101100000101
000000100000000000000
111111000111100011110
111111110001001000101
000011000000000001001
000011000000000000000
000000101100011001011
000000010110101000001
111111100100111011000
000000100000000000000
111100010110001011000
111100001110110111011
000001100010010000001
000000000000000000000
000001110101110111111
111111101001010111111
111101111000110011110
000000100000000000000
111111000111100011110
111111110001001000101
000011000000000001001
000010100000000000000
000000000001100101000
111111010010101111110
111111001101111010010
111110100000000000000
111101101111101011000
111111101101010000010
111101011110000100010
111100100000000000000
000010000110001011110
000000101101010000010
000000000100110101100
000100100000000000000
000000001000100100010
111110010010101111110
000011001111001100000
000010100000000000000
000000000001100101000
111111010010101111110
111111001101111010010
111111100000000000000
000000110001110101111
111010000111000110101
000001010110001101010
000000000000000000000
000100110010110101010
000001010110101000001
111110110110001111011
000011100000000000000
111110000110011001011
000001111000111001011
000001001100000100000
111111000000000000000
111110010100111011100
000000101001010111111
111100100111011111011
111111100000000000000
000000110001110101111
111010000111000110101
000001010110001101010
111111000000000000000
111100111010001011111
000010100000000000000
111111000100000100001
111110000000000000000
000000110001110010101
111111110010101111110
000000110111000100001
000010000000000000000
000010101011010011101
000010100000000000000
111110100001011011011
111011000000000000000
000001101000101101111
000001001101010000010
111111100011011100011
111111000000000000000
111100111010001011111
000010100000000000000
111111000100000100001
000001100000000000000
000000001100101000011
000000000000000000000
111101100000111111011
000000100000000000000
000000100101000001011
000001011010100000100
000000001011011000111
111111100000000000000
111101010001000110011
000000000000000000000
111111010111001111111
111110100000000000000
000011111101001111111
111110100101011111100
000000111100010111111
000001100000000000000
000000001100101000011
000000000000000000000
111101100000111111011
000000100000000000000
000001100011000100110
000001000111110000110
111110000100011011110
111111100000000000000
111110100111000100100
000001101101010000010
000000001111011101000
000000100000000000000
111111001010001011100
111100111000001111010
000001001110010100000
111111100000000000000
000000101011101011010
000000010010101111110
000000011101110011010
000000100000000000000
000001100011000100110
000001000111110000110
111110000100011011110
000011000000000000000
111110010000011111110
000011111110011000111
000010111100011011001
000001100000000000000
111110010100000010101
111110110110101000001
000000111011101111000
111110000000000000000
000001100100100001010
111111000001100111001
111110101001000100011
111101100000000000000
111011110110111100011
111110001001010111111
000011011110110001100
000011000000000000000
111110010000011111110
000011111110011000111
000010111100011011001
000000100000000000000
111100111001011000010
000100011100110001110
000001100001011111110
000000100000000000000
111111111100101111100
000010100111110000110
000000100011000111000
000000100000000000000
000000010001100110110
111010100011001110010
111101000011111111110
111110100000000000000
000010111000010001100
111110011000001111010
000000110111011001100
000000100000000000000
111100111001011000010
000100011100110001110
000001100001011111110
000000000000000000000
000001101010001111111
111111000000000000000
000000000101000001011
111100000000000000000
000000001100000000101
000010101101010000010
111111101100101000011
000001000000000000000
111111000011000000011
111111000000000000000
000011011101001111111
000001000000000000000
111111000110101111001
000001010010101111110
111100110001000110011
000000000000000000000
000001101010001111111
111111000000000000000
000000000101000001011
000010100000000000000
111110011100101100001
000000010110101000001
000000111001100000000
111110000000000000000
111111111110010111110
111100110100010110111
111110110101001011101
111111100000000000000
000000001000110011011
111111101001010111111
000000100001000000100
000000000000000000000
000001011100001000110
000011001011101001001
111111110000010011111
000010100000000000000
111110011100101100001
000000010110101000001
000000111001100000000
111111100000000000000
000000000000000000000
000011011010100000100
111100011010011110010
000000100000000000000
000000000000000000000
111110010010101111110
000000011011101001100
000000100000000000000
000000000000000000000
000000100101011111100
111111010110000000010
111101100000000000000
000000000000000000000
111111101101010000010
000011110011111000000
111111100000000000000
000000000000000000000
000011011010100000100
111100011010011110010
000101100000000000000
111111000111110010111
111101010010101111110
000000111000001101001
000001100000000000000
000010000110111101001
000000000000000000000
000000010001111100001
111110100000000000000
111101000011001100001
111110101101010000010
000010111100110011111
111110100000000000000
111111101110000011111
000000000000000000000
111101111001000010111
000101100000000000000
111111000111110010111
111101010010101111110
000000111000001101001
000010000000000000000
111110000110000100000
000010000011111000011
111101110111111001101
111111100000000000000
000000010100111111111
000001010110101000001
000001011010000101100
111111000000000000000
111111110010001011010
111111111100000111101
000100001111110111001
111011100000000000000
000001110010110000111
000000101001010111111
111100011110001001110
000010000000000000000
111110000110000100000
000010000011111000011
111101110111111001101
111111000000000000000
111111101001000010100
000000101101010000010
111111001010110011010
000010000000000000000
000010010110101100100
111110100101011111100
000000111010000100100
111110000000000000000
111110101001101101010
111111010010101111110
111111101101011100000
000001000000000000000
111101010110100011110
000001011010100000100
000010001101101100010
111111000000000000000
111111101001000010100
000000101101010000010
111111001010110011010
000000100000000000000
111111000000110001011
111111010010101111110
000000111110101001111
111110100000000000000
111011111010100111111
000010000111110000110
000001000010000000111
000000100000000000000
111110101100011110111
000000101101010000010
000110111110000111111
000000100000000000000
000000011000000111111
111101111000001111010
111101000001001101011
000000100000000000000
111111000000110001011
111111010010101111110
000000111110101001111
111101100000000000000
111111110110111111110
111111101101010000010
111110110010001000000
000000100000000000000
000001000011101110110
000000001010111111000
111101111010010000010
111010100000000000000
000011100011100000110
111110010010101111110
000000101000011000100
000011100000000000000
111111100001110000110
000101110101000001000
111110101011001111010
111101100000000000000
111111110110111111110
111111101101010000010
111110110010001000000
000001000000000000000
111110101100101010101
111111100000000000000
000000110000101100101
000000000000000000000
000010111111011100101
111110110010101111110
111110110110110011111
000000000000000000000
111110011110010100011
111111100000000000000
000010000100010100011
000001000000000000000
111111110101100100011
000000001101010000010
111110010100001011001
000001000000000000000
111110101100101010101
111111100000000000000
000000110000101100101
111111000000000000000
000010010101101100000
000101001011101001001
000000110000101111111
000000100000000000000
000000010100100001101
000000000011111000011
000000010001100011100
000000000000000000000
111100111101000011110
111110110100010110111
111110100001111111111
111110100000000000000
000000011000101110101
111101111100000111101
000000011011101100110
111111000000000000000
000010010101101100000
000101001011101001001
000000110000101111111
000000100000000000000
000001001101100101101
000000000000000000000
111100101101110011101
111111100000000000000
111101110010101011011
000000101101010000010
111111100110000101001
111111100000000000000
000010001100111010111
000000000000000000000
111111110111101011111
000000100000000000000
000010110010110100001
111111010010101111110
111111110100011011011
000000100000000000000
000001001101100101101
000000000000000000000
111100101101110011101
111100000000000000000
111110011110100011100
111111101001010111111
000010111100001111011
111101100000000000000
000001010000001000001
000000111100000111101
111101000000110010100
000001000000000000000
111111011001101011110
000000010110101000001
111111001011100001011
000001100000000000000
000000110111101000101
000011000011111000011
000000110111011100110
111100000000000000000
111110011110100011100
111111101001010111111
000010111100001111011
111110100000000000000
000000011010011001111
000001101101010000010
111110111011011111111
111110100000000000000
111100101010101110111
000000010010101111110
111110110000111000011
000000100000000000000
000010101101010110111
000000010010101111110
000000110001110000011
111110100000000000000
000010001101100000011
000001101101010000010
111111100001110111011
111110100000000000000
000000011010011001111
000001101101010000010
111110111011011111111
111111100000000000000
000000110011001011110
111100011000001111010
111101111001001100100
000000100000000000000
000001000111111100100
000001010101000001000
111111111101010101000
000010100000000000000
111111011111100100000
000000100111110000110
000001110100000011110
000011100000000000000
000000100101010011110
111011101010111111000
111110010101011010110
111111100000000000000
000000110011001011110
111100011000001111010
111101111001001100100
111111000000000000000
111101110111000011000
000000101001010111111
000010110110011111101
111101100000000000000
000001001011010000011
000010010110101000001
111111101001001011000
