000000000
000000000
000000000
000000000
000000000
000000000
000000000
000000000
000000000
000000000
000000000
000000000
000000000
000000000
000000000
000000000
000000000
000000000
000000000
000000000
000000000
000000000
000000000
000000000
000000000
000000000
000000000
000000000
000000000
000000000
000000000
000000000
000000000
000000000
000000000
000000000
000000000
000000000
000000000
000000000
000000000
000000000
000000000
000000000
000000000
000000000
000000000
000000000
000000000
000000000
000000000
000000000
000000000
000000000
000000000
000000000
000000000
000000000
000000000
000000000
000000000
000000000
000000000
000000000
000000000
000000000
000000000
000000000
000000000
000000000
000000000
000000000
000000000
000000000
000000000
000000000
000000000
000000000
000000000
000000000
000000000
000000000
000000000
000000000
000000000
000000000
000000000
001100000
001110101
111010000
110110111
000010000
000001101
111001011
111111011
000100000
111011001
001110000
000101001
110110000
111100101
110110101
111100101
001100000
001110101
111010000
110110111
010000000
000110001
001001110
000000100
111100000
111110110
111010011
000001111
111000000
000001111
111110010
110001110
110100000
001001010
000101101
111011111
010000000
000110001
001001110
000000100
000000000
000001000
101011010
110110101
010010000
000111000
111011110
111110100
111100000
111100010
000100110
001100001
000010000
111011110
000100010
111110110
000000000
000001000
101011010
110110101
001010000
110101111
111110000
001010111
000110000
000001100
111111001
111110101
110110000
111111011
111110000
000101101
111010000
111001010
000100111
000000111
001010000
110101111
111110000
001010111
111000000
111001101
111111100
111100100
000100000
111111111
110100110
000000011
110100000
111011101
010000100
000011000
000000000
111010111
001011010
010000001
111000000
111001101
111111100
111100100
111110000
101000100
000000101
111111001
000100000
000010011
000110010
010011110
111110000
000000010
000011011
000001101
111000000
111100111
111101110
000011100
111110000
101000100
000000101
111111001
001100000
000011111
110110000
111010110
101110000
111101000
111100111
000101101
000000000
111010111
001010000
001100000
111110000
111100010
001011001
111011101
001100000
000011111
110110000
111010110
111000000
110111101
001000100
111101010
000100000
001001000
001010111
111001101
110000000
010010001
110111100
000100100
000100000
110101010
000101001
111100101
111000000
110111101
001000100
111101010
001000000
000111101
111010111
111111110
111100000
000010011
001000100
111101101
001000000
000000011
110101001
111000010
000100000
000101101
110111100
111010011
001000000
000111101
111010111
111111110
000100000
110100111
111100000
110110000
000000000
111001010
111000000
111011001
001100000
000101011
111100000
111110110
001000000
001100100
111000000
010000001
000100000
110100111
111100000
110110000
110110000
000000111
110011110
010000001
000100000
110100100
001000010
000100111
001010000
000010011
111100010
111101101
000100000
111000010
111111110
111101011
110110000
000000111
110011110
010000001
110100000
000001100
000001011
001111000
000110000
111110000
010000010
111011111
000000000
111011110
111110101
111001100
101110000
000100110
000111110
111011101
110100000
000001100
000001011
001111000
111110000
001000001
000011010
000100011
111110000
000000000
000000111
000010001
111110000
110101101
001000110
001001011
111110000
110010010
111011001
000000001
111110000
001000001
000011010
000100011
111010000
101010101
110110111
001000011
110000000
000110010
000001110
111110001
001110000
110101101
000101001
000000111
000000000
000001100
001010010
010000101
111010000
101010101
110110111
001000011
010010000
001010001
000011011
000001001
111100000
110111000
111100101
110110010
111110000
001010011
000000101
110000001
110100000
001100100
111111011
000000100
010010000
001010001
000011011
000001001
000010000
000110111
101110000
111111000
111100000
110010101
001000010
101110011
000110000
001100011
000010000
111110110
000100000
001010001
111111110
000011111
000010000
000110111
101110000
111111000
001000000
000001101
101101110
001101101
000110000
000011001
000100100
001110010
001100000
111000101
110110010
110010011
110110000
000010101
000111100
110001110
001000000
000001101
101101110
001101101
001110000
001110000
110101000
110111010
000000000
111110110
110110000
110001101
110010000
000101010
000011000
000110100
001000000
111110000
001010000
000000101
001110000
001110000
110101000
110111010
111000000
001011100
001100011
111011010
000000000
111111111
000100000
111110100
110100000
000001000
111011101
111000010
000100000
111011101
000100000
000110000
111000000
001011100
001100011
111011010
000110000
111101111
111011110
111111101
111100000
000000100
010000010
000011010
110010000
111010111
000100010
000010001
110100000
001110110
000111110
110011000
000110000
111101111
111011110
111111101
110110000
111001110
111001000
000010001
000100000
110110011
000001100
000011010
001010000
111110010
000111000
000101111
111100000
000001101
111110100
000100110
110110000
111001110
111001000
000010001
000010000
000110010
111110010
111011001
000000000
000100100
001001110
111101010
110110000
000100100
110101110
110100011
111000000
000000110
010010010
000011010
000010000
000110010
111110010
111011001
111100000
000001110
010010100
000111110
111100000
111010100
111010000
110011101
111000000
110111000
000001100
111111100
001000000
010100110
111010000
111101001
111100000
000001110
010010100
000111110
000110000
101110010
111001110
000111101
001100000
000001001
000000101
000100110
111010000
001011000
000010010
000100111
110100000
111101101
000011011
110110110
000110000
101110010
111001110
000111101
111010000
000001110
001011101
110011000
111010000
000100001
000100111
111111000
110110000
001001000
000000011
000111110
000110000
000001001
111111001
110110010
111010000
000001110
001011101
110011000
111010000
001100100
001011101
000010001
111010000
000100100
111011010
110010010
001110000
000100000
000000011
000100001
110110000
111011000
000000110
110111100
111010000
001100100
001011101
000010001
001100000
111111011
111101110
110100101
111110000
110110111
110010111
000000001
000000000
111100101
000110010
000100001
111110000
000101001
000001001
001111001
001100000
111111011
111101110
110100101
001110000
000111001
111000111
010000110
111010000
111101100
110101100
001000001
001110000
101001101
110011001
110011010
000010000
001001110
000110100
111011111
001110000
000111001
111000111
010000110
110110000
111110001
001001001
111110010
111000000
110100011
111000101
001000111
001010000
000000101
111010111
000011000
010000000
000100111
111011011
111101111
110110000
111110001
001001001
111110010
101110000
000111010
000011110
111000010
111100000
111101100
001000010
111000100
000010000
111110100
001100010
000111110
111100000
111100110
111111110
000111100
101110000
000111010
000011110
111000010
111100000
111101001
111010111
111001011
000010000
110111001
111100100
010101111
110100000
000001101
001001001
000010001
001110000
000010001
111111100
110110101
111100000
111101001
111010111
111001011
000010000
000110100
010001111
000001110
111100000
001011110
101111010
111010010
000010000
001111110
111110001
111001000
111000000
101110000
001000110
111011000
000010000
000110100
010001111
000001110
111100000
111110110
110110100
110000011
111010000
001101001
110010111
000000110
001000000
111010000
010101100
000101111
000010000
000010001
000001001
000001000
111100000
111110110
110110100
110000011
000010000
010000011
001001001
000000111
000000000
111000011
000000100
000000111
111110000
000111011
111010111
110010101
111000000
110111111
000011100
000011101
000010000
010000011
001001001
000000111
000010000
000101011
000101011
000010010
111100000
000100111
110110101
000010001
001110000
111110101
000010101
111111100
111100000
111111001
111001011
110100001
000010000
000101011
000101011
000010010
111100000
001010001
001010110
000100100
000100000
111101000
111110011
110010010
111000000
111010011
000101010
001000000
110000000
110110100
001001101
001001010
111100000
001010001
001010110
000100100
101100000
111110011
000100100
000001100
111110000
110000100
110110111
111111111
000100000
000110001
000111100
000101010
001010000
000011000
000101001
000001011
101100000
111110011
000100100
000001100
000000000
111101111
110010110
110101010
111000000
001011011
111011001
