000000000
000000000
000000000
000000000
000000000
000000000
000000000
000000000
000000000
000000000
000000000
000000000
000000000
000000000
000000000
000000000
000000000
000000000
000000000
000000000
000000000
000000000
000000000
000000000
000000000
000000000
000000000
000000000
000000000
000000000
000000000
000000000
000000000
000000000
000000000
000000000
000000000
000000000
000000000
000000000
000000000
000000000
000000000
000000000
000000000
000000000
000000000
000000000
000000000
000000000
000000000
000000000
000000000
000000000
000000000
000000000
000000000
000000000
000000000
000000000
000000000
000000000
000000000
000000000
000000000
000000000
000000000
000000000
000000000
000000000
000000000
000000000
000000000
000000000
000000000
000000000
000000000
000000000
000000000
000000000
000000000
000000000
000000000
000000000
000000000
000000000
111100000
111111100
000100101
000010111
101010000
000110100
111101110
101011011
000000000
110111100
000111011
110101001
001010000
010010100
000110010
001100101
111100000
111111100
000100101
000010111
001000000
010001111
111101001
111101001
110000000
111100100
001100100
111011110
000000000
111011111
000010111
101111101
000000000
000101110
111011100
000111100
001000000
010001111
111101001
111101001
111110000
000111001
001100010
001111100
110000000
000000011
000010100
111110101
111110000
111101011
000011110
110001110
111100000
110011001
000101100
001000001
111110000
000111001
001100010
001111100
110110000
001010111
000111101
000001111
111110000
001011110
111111010
000000001
001010000
110000101
111100011
000010101
111010000
000000110
000100110
110011011
110110000
001010111
000111101
000001111
000000000
101100111
101100110
001110001
111100000
000111001
000001010
111010100
111100000
000000111
000011010
111110011
010000000
000011001
000110110
000001000
000000000
101100111
101100110
001110001
000010000
111000111
111010000
001010010
000000000
111000000
111010101
001100011
000110000
110011111
001110000
110010100
111000000
001011010
111101011
000110111
000010000
111000111
111010000
001010010
110110000
110101100
001111001
000110011
111000000
000100001
111011110
111010110
111110000
111100010
000000111
000111111
000100000
001010001
000100010
110111000
110110000
110101100
001111001
000110011
000000000
000111101
000001101
000111010
111000000
110101110
000100000
111111111
001000000
110100011
110110011
111100110
000000000
000110010
000100000
000100001
000000000
000111101
000001101
000111010
000010000
001010101
001001010
111110001
000010000
111101001
000011101
010000010
000010000
110001011
110010110
101111011
000010000
111110111
111000011
001010010
000010000
001010101
001001010
111110001
111100000
001000110
000101010
000100001
000100000
110110011
000110110
111110000
111100000
111101000
001010110
000111001
101100000
000011111
000001010
110110110
111100000
001000110
000101010
000100001
111100000
110001110
001111000
010000111
111110000
000000101
111101100
000101001
110100000
000011000
000001000
110100111
001010000
001010101
111010100
110101001
111100000
110001110
001111000
010000111
000100000
000011100
111110010
000000100
000010000
001000000
010011111
000000011
111100000
111001110
110101110
000010010
110110000
111010110
000000001
111100111
000100000
000011100
111110010
000000100
000010000
000111111
001100111
000111101
001010000
000011010
000010100
110000011
111010000
111000001
000111001
000011101
110010000
111100110
110001100
000100011
000010000
000111111
001100111
000111101
111000000
111100000
000010010
001010000
000110000
000001101
000000101
111111100
000000000
111110110
111001110
110101100
000010000
110011101
000011011
010001000
111000000
111100000
000010010
001010000
000010000
111011010
000010101
110100110
000000000
111111111
001011101
000100101
000010000
001000010
000101011
111100100
111100000
010100101
101100011
110010001
000010000
111011010
000010101
110100110
001000000
110001100
111010000
111001000
000110000
000100100
110011110
000001011
110000000
111101100
001110000
000111000
001010000
001100100
111100010
111110101
001000000
110001100
111010000
111001000
000100000
000111100
000100010
000011111
001010000
111111110
111000010
111110100
001100000
111100100
111011110
111101111
111110000
000100010
101111110
110111110
000100000
000111100
000100010
000011111
111000000
000001110
111011110
111111001
000010000
000100000
110111110
000111110
001000000
110000100
000100010
111101101
000110000
111001110
000000010
001011100
111000000
000001110
111011110
111111001
111110000
000010100
110000010
001011011
000110000
010000001
110011111
110100101
010010000
101101110
111011110
110011011
111010000
000111101
010000001
000100101
111110000
000010100
110000010
001011011
000110000
111100010
001110110
000001100
001000000
000100111
000111100
000010101
101110000
111000100
110101010
111000110
110100000
000110011
000100100
000011001
000110000
111100010
001110110
000001100
000010000
000111001
001110110
001101111
101000000
101110000
111101110
111010110
001010000
000011011
110101010
001001011
000100000
101111100
000110010
000110000
000010000
000111001
001110110
001101111
000100000
010100000
110101110
000101011
111110000
111001110
001011100
001001100
110100000
110010110
111110010
110011111
000010000
000111100
001000100
110101010
000100000
010100000
110101110
000101011
111110000
110110110
000010110
111100101
111110000
000011010
001011010
111100110
000010000
000011100
111101010
001001001
000010000
000010100
110100110
111101100
111110000
110110110
000010110
111100101
111110000
000100011
101110001
000110001
001100000
110101000
000111000
000101110
000110000
000101111
000001111
111011001
000000000
111000110
111001000
000001000
111110000
000100011
101110001
000110001
000110000
000100101
010101011
001001100
110010000
111110110
111100111
000010110
000010000
111010001
111110101
110111110
111110000
111010100
110111001
000100000
000110000
000100101
010101011
001001100
000000000
000010010
001000000
110011000
111100000
110001110
111110111
000011001
110100000
000110010
001000000
001010010
001000000
000101110
111001001
111111101
000000000
000010010
001000000
110011000
110000000
001011010
111110101
110111111
000010000
000100010
000110100
111000111
000000000
110001100
000001011
001011011
111110000
001111000
001001100
110011111
110000000
001011010
111110101
110111111
111100000
000110100
000000000
000001010
001100000
111011101
110010011
000000111
000100000
111111010
000000000
000100100
000100000
111110101
111101101
111001011
111100000
000110100
000000000
000001010
000000000
110100001
111000101
110000110
000110000
001001111
111100101
000001101
000000000
000000001
111011011
111110110
001010000
010001111
111111011
111110111
000000000
110100001
111000101
110000110
111100000
111111010
110101100
111111001
000110000
001100010
001111000
000110011
000100000
110101100
110010100
000110101
000010000
111111000
000001000
110011111
111100000
111111010
110101100
111111001
111000000
001011000
001000010
000011011
111110000
000110100
000101011
111110011
110100000
111000100
111111110
111001001
000110000
001110000
000010101
101101001
111000000
001011000
001000010
000011011
111010000
000101111
111011100
110010111
000000000
111010001
000000101
000110111
111110000
001010101
111000100
111100101
010000000
000101011
000011011
111001101
111010000
000101111
111011100
110010111
001010000
111011100
001000101
111111011
111000000
110000001
000010010
000001000
111010000
001001100
001011011
001100101
110100000
110010111
111001110
001011000
001010000
111011100
001000101
111111011
010000000
110010011
000001110
001110111
110110000
001100111
000011011
000100101
101000000
110111011
001010010
000001101
000010000
111001011
000000101
111010111
010000000
110010011
000001110
001110111
000010000
001000010
000000101
111111111
000100000
000101100
111100101
000110100
000010000
001011000
000011011
111101111
111000000
110111010
111111011
101011110
000010000
001000010
000000101
111111111
001000000
001011110
000001101
111011110
010000000
110101111
110011100
110110000
111100000
001101110
110110011
001100110
111100000
110000101
000100100
000001100
001000000
001011110
000001101
111011110
001010000
110011101
111000101
111111101
000100000
111100000
010010110
000010000
101110000
000001101
111011011
000101101
000100000
111110110
111001010
001000110
001010000
110011101
111000101
111111101
110110000
110111111
111000101
001000010
111110000
000000101
111011100
000111100
