111110011
000000000
000000010
000001110
111110100
000010010
000001111
111111101
111111011
000000010
000000111
111111111
111111110
000010110
000000110
111111001
111111001
000011001
000001010
000000001
000001101
111111101
111111001
111110001
000000010
000000000
111110111
111111011
000010110
000000001
111110100
111111011
111101100
111101110
111101001
111111100
000000111
111111101
000001100
111111110
000010001
111111111
000011001
111111101
111111011
000010110
111111010
111110101
000001001
111101101
111111001
111111111
111111011
000000101
111101001
111111011
000000001
000011001
000001010
111101110
000010010
111110110
111110000
111111000
111111001
000001010
111110111
000000100
000000100
000000110
000000000
111101111
111110100
000001101
111111101
111111011
000000111
111110011
000001011
111101011
111110101
000000001
111101101
111101101
111110001
111100000
000001110
001001011
001111001
110111110
110011010
000011000
000010010
110110111
000000110
000011110
111000100
001110010
000111110
110111011
111100011
111001101
111001111
001011000
001111100
111001101
110101100
001101111
000110111
001011011
111110011
111100111
111101100
111011001
000100001
111000000
000010001
111011001
110001011
110100011
001010111
000011110
111111100
001101100
000111110
001000100
000001101
111110100
111111011
101010001
110110001
010011001
001011001
111010100
111101010
111001000
111011101
000101010
001000111
000011000
111010100
000110000
111111101
111101110
111111111
101011000
110101001
000111001
110011111
111110100
001000111
000100001
000010110
111110001
111110110
110111100
111101001
000001101
000101001
111001100
111000011
000010111
000000011
001011001
110110111
111001111
001011101
110101110
111010010
111100111
111011000
000101011
111101100
110101011
000001111
110011100
111010110
010001101
000100110
111111011
111100001
001101100
010000111
110111101
110110011
111110000
111101111
111110100
101000010
000000101
111101111
111110010
000011111
000101001
010001111
111111000
111111011
001000111
000000011
111000000
000000000
111110100
000010111
111110101
100110100
000000111
111111010
001110011
000100111
110101010
110101010
101110010
111101010
111100010
000011111
111101100
111011000
001110011
001011110
111110011
111111000
001010111
111100000
001010100
000101010
110100101
111000111
111000000
111001100
000110010
111101111
000100011
001001011
001010000
111010000
101100011
010011001
110110011
000110101
000101010
110100000
000011000
111110011
110111000
110100011
001010001
111010010
000110010
000111111
110111100
000010000
111010001
000100011
000101101
111101101
001000110
111101111
110101000
110111011
000011111
000101111
110100110
111001101
001001000
000101100
111001111
111101110
000100010
110011101
111011011
110101101
111110110
110110011
110101101
111011010
001100101
000011010
111101010
111101101
000101010
001010100
110111011
001101110
000000101
110100110
111011100
111000111
110110110
000010001
110011110
010000100
000100010
110111010
000111011
000101010
001010110
000010011
111110011
111101001
000001001
111000100
111111100
111111101
110110111
000001110
110110101
010001001
110111110
000001111
000000011
001111110
000100100
111111011
001110101
111010001
000010010
111101000
111100000
111000011
101101011
001001001
000101011
111011101
110010010
000001010
000100000
001111010
000001001
000100011
000010101
000000010
111100010
111110000
000001001
000001011
111100110
110110011
001001101
001000000
111101011
110010110
111001011
000000101
000000000
001010011
000010111
000011100
110111000
100111110
110111001
000101101
110010000
000110100
000011100
111110111
001111001
110100110
000110000
000001000
000000001
000001010
001101010
010000111
111001001
101001010
111000000
001000100
010001110
001001101
000011111
000000000
111011101
110111010
111100100
110100100
111101000
001000001
000000010
101101110
110101011
001110000
111101011
000000011
010001101
001011000
000010000
111110100
111111100
000110110
101111111
111100011
111101111
110011000
000110000
110000001
000111010
001011011
000001110
000000010
000101000
001000100
111110101
000011110
000001110
000101111
101100000
000000100
001000111
000011001
101110101
001101101
000110001
000100011
000100000
010001111
001110010
111000011
110111011
110000110
110101100
000001000
001000000
110000011
001000000
111110100
101111011
001110100
001011110
001110101
110110000
110110011
111111100
111011110
110101001
110011110
110010110
000011101
000011000
000101100
001000001
111110111
001000110
000000111
001010000
001110001
110101000
111000010
111010110
001010111
001011100
111011000
000011100
000000011
000011100
111101010
110011101
000000011
111010000
111001010
000101101
111011001
000010111
000100010
111010000
001100010
001100001
111011011
001000011
111111011
111100001
111111010
111101000
000010010
001100110
000010001
110001010
111001000
000010100
000000010
110111101
010000100
001000000
110011100
000111010
111100000
111101001
000001010
110110111
111101001
111010111
000010011
000011111
110111010
000000011
001000010
001011000
111110101
001000001
000101111
111010111
000010100
000000000
000111011
110101100
111010111
111010100
000011011
000001011
000111010
000000010
111011000
000001010
000110110
001011011
111100101
110101101
000110100
110101010
110101011
110111010
000000010
010010110
000001100
000011000
000110100
111111110
111010111
111011100
000010100
010000110
001011111
111101111
111100101
110101011
110011111
110110110
110110001
000000010
111110100
001010101
010010110
111011000
111110101
110111110
000000010
010001001
000110000
001000001
110000110
111011010
001001100
001011011
111110011
000000111
000100010
111011010
001011101
000001010
000001101
110101100
111011110
000100110
111001000
000110010
101011101
110110100
000101101
111001111
000000111
001101010
110010010
111001100
000100101
000011010
000001001
110011001
001000001
000011001
001000101
000010110
000010010
111110011
110111011
111000011
000010001
001010011
110100010
111010110
001101110
001011001
000000100
111000101
000100101
111011001
110011001
001100100
000010100
000000001
000101110
110111010
111101000
000000100
110111111
111001000
001100011
001010010
000011110
001100011
111111000
111101101
110100110
000000001
110110010
110010010
111110101
000000100
111001000
001000010
000011100
111101001
000010110
000001110
001111101
001100101
111110011
111100100
110001100
001110000
000101010
110111010
001101001
110111101
111111100
110111000
000111000
001101101
101001011
110010001
110011011
000001110
001000000
000111100
111011011
010000011
001000100
111001000
010000001
110010010
111111111
001011111
111010110
111000010
110101101
111000100
001000011
001100011
111111111
110110011
000001100
010001011
000100101
111011100
111101101
110101110
111101101
000110100
111101101
101111011
000101001
000011110
110110101
111100101
111011101
001001010
111000011
000010100
000000111
001111000
000101101
111001101
111100000
000000010
000101001
101001111
000011100
000110000
111001100
111010011
111101010
111010010
111010000
000010101
110110101
111100110
010101010
110011101
000001010
001000010
000010010
001110000
000100101
111101011
110111110
111110000
111101110
111001001
111011101
000010111
000110000
010001011
000010101
111101001
001011000
101010111
111001011
000010101
010000011
111101010
110111001
110010111
101110011
001001000
111001111
000000000
000111010
010011011
000010011
110110111
000000001
111010101
101101110
110111111
001110100
110011000
000010100
000111001
111100010
010011111
000110110
111110011
000011000
000010000
111111001
111000111
111101001
110100010
101111110
000001010
010010011
000111011
000011000
000001000
111011111
111111011
000001001
111011101
000110110
111100100
110011101
111000111
110100110
000011011
000001011
000011101
010001000
000101110
000011001
000010100
000011001
000011000
000010111
111010001
000101000
110101110
000001110
001110001
111110100
000101111
111101111
111110011
111101011
110111010
110011111
000101010
000101110
000011110
000010001
111101101
001001111
001010000
000011110
000011111
111100101
111111110
110010011
110111000
111001111
000110110
001000010
101111110
110011110
001010111
000111010
111001101
001010011
001100000
000011001
101100011
111101010
000100101
000000111
111101110
110010001
110111110
111110000
000100110
000100000
001001111
000101110
000111001
000100001
000100000
000010111
101111011
111100001
000110101
000011111
111110100
111111010
110011001
110010101
111010011
001100110
111010010
