000000101
111111001
111111010
111110110
111111001
000010110
111111110
000000010
000000000
000001011
000000100
000001110
111111100
000000000
111111111
000010100
000011001
111111010
000000111
111111101
111111011
000000111
111100011
111101100
111110110
000000010
111101011
111110111
000000001
111111011
111111110
000000111
111111101
111110111
111110101
000000111
000001001
000000010
111111100
000000110
000010011
000000011
111101110
000010100
000001111
111101111
000001000
111110010
111101000
111110000
000010010
000000011
000000010
111110111
000000101
000000110
000000101
000001111
111111011
000001011
111101111
000000001
000010001
000011000
111111010
000010010
111111100
000000110
000011000
111110110
000000100
111101111
000000111
000001001
111110110
000010010
000010100
111110010
000000000
111111001
000001110
111110100
000000001
111111110
111110001
000000010
111111010
111011110
000000100
000100111
000000010
101001011
000110010
111110001
101101011
111101111
110101011
000110011
110111001
000110101
010011010
001000010
001110010
111011001
111110101
000100100
000011000
000111100
010001101
111110010
111111000
101111011
111100110
001101100
111010000
000001100
111011001
000011111
101110100
000000000
000100100
111011110
000111011
000111011
010000010
111011011
111101000
000000000
000110101
001100000
001111111
101110110
000001110
000010000
000010110
111110100
111100111
000000111
110100101
111100001
110010100
000100010
000111001
111101001
000110000
001111100
010001011
110011110
001100001
000110101
000011110
111101001
001100101
111111000
111111011
001011011
101111001
111011010
000100110
110111010
111110000
000011111
110010111
110001111
001100110
001001110
000010100
000000111
101110110
101111100
001111000
111001100
000101111
111111000
111001011
111011010
000000000
111111010
111101010
001111001
000010010
000110100
000001001
000010000
101111010
101011010
001110000
000100110
111001000
111100100
001001000
000010110
111001000
111011110
001011101
000100000
110100110
001100101
110011100
111000001
001011011
111101101
000101111
000001101
111001110
111100001
001011011
110111010
110101111
010010001
000011111
110111001
000101100
111011111
111000010
111111100
111100100
111101111
001010101
000011101
001001110
000011100
110111111
110101111
110111111
010000100
000101111
000001101
001000110
000010100
000100111
110110011
110110100
000010110
111101100
000111101
110011010
110111000
111100010
000001110
001001001
000100001
000011011
111101101
001000011
000000001
000101010
000001001
001011010
000111100
111011110
000010000
111100010
000010101
001101101
111111111
110000001
110011110
110001001
000001000
111110011
110101011
001010010
111111001
001101010
001010011
111101101
111010100
001001100
000110111
000010111
000100101
110111110
001000100
111110001
111011011
111010110
001001010
001001011
101101001
000100101
111111101
110110101
111110010
000111110
000111111
000011000
111101000
110010011
001110010
010010000
111101111
000001001
111011111
000101111
110011111
000001110
000010110
110101110
001010000
001000110
111000110
110011001
111100011
110011010
010000010
010001100
000100011
000000110
111100011
000010110
000010010
000111111
010011001
111101111
111011100
111010010
110101010
111110011
110100111
111011100
000001111
000000111
000010011
000100110
111101001
000000001
000100101
001000111
001100100
001001000
001010010
000011011
000010011
110000000
111001000
110111001
000110111
000100000
110010100
111111111
110001110
000100100
000011100
001010010
001101000
000100000
110111100
111011110
000010110
001100100
000111001
000011100
111110001
000000000
000010100
111101111
111010001
110010000
000011001
110001000
000100001
010001000
111001000
111001110
000001101
001000111
000101001
111100111
000011100
110101101
111101010
000000101
001111010
000111010
000001011
000111010
000101011
111010000
111011010
010100011
101100101
101111110
000001110
111001111
000001100
110100110
001000101
110110011
111000111
111001100
000101100
000011000
110001111
000001001
101100011
000000101
001101001
000111110
001001101
001011110
111110000
111100001
001001101
110001000
111001110
110111010
000101111
001000111
000110101
000101011
001000001
000001010
111000011
111110001
001101011
111101010
111011001
111010111
111110111
000100001
110000010
110111011
000000000
000110110
000011100
000011001
111010100
000010100
111100001
111111100
000010011
000101001
111001001
000111101
000110000
101111111
000100110
111111011
000111111
111010100
000000010
001001101
110110100
000001110
111110000
111111100
111101001
000011100
101111010
001010100
000101101
001110010
110010010
110011111
010001111
101000101
111101000
110100100
111010011
001000011
001111111
000001101
000001011
111111110
101110011
001011101
000100101
111111100
001100101
000001001
001010010
000100011
000110100
000011010
110000001
111000001
110011111
110111111
110101101
000110100
000101101
000001010
000101010
111101001
001101111
000011101
000011010
000110110
001110101
001010110
100110101
101101101
111101011
111010010
001000001
000010000
110110010
000111111
000011111
110001011
001001110
000110111
111111000
001001010
010000000
001110000
000101010
010101100
110100111
000100101
111101111
111000100
001010111
001011000
110011001
110011010
111101111
110010101
000001101
000111001
001000010
110010101
000100010
010100111
110100100
000101111
111101110
111000110
111111011
111100111
111111001
000000110
001011010
111111000
000011011
000001100
111110100
001001001
000010111
000100111
110001111
111100100
111100111
110101110
000100100
111110011
111110011
000110111
101110100
000101011
001001111
110100101
000011011
000110011
000101101
000110110
000001010
111100101
111111111
111001100
110111111
000001101
111001110
000110100
101110101
000101101
000111001
000101111
010110111
001001000
110000000
111101001
111010111
000011101
000001110
111011110
111110100
110111100
111011110
111001101
110111111
000101111
000011011
000010110
010100001
001001010
000000011
000000000
000110111
110011001
111100000
110000110
111100001
000100000
110100101
000111000
001011100
001001101
001011101
000101111
111011110
111110111
111111010
000100000
000110010
110010110
110001110
001100000
111101101
111001100
000010100
000110100
001000010
111000110
000010001
110010110
000001001
001001000
111010110
001110100
001000111
110011011
101101111
001001110
111101000
110100101
111010100
000101100
000000111
000001011
001100100
111001011
110000000
111111111
000001111
000010001
111110110
000101110
000101000
111111010
111101000
110110111
111010100
000100001
000000101
000011110
111111100
110100010
111000111
101110011
000011111
001011010
111001111
000100101
111110010
000100001
111010010
111100111
001001101
010010110
000000100
000000111
000000011
110011001
111001011
110001000
111011111
111110100
110101010
111100110
001000000
001100100
010000010
000111110
000001000
110110101
110001000
000101111
111111110
111011111
000001011
110011100
111010110
111111010
110010010
000000000
111001110
001011110
000101100
000010111
111101101
000010110
000011001
111110101
110111010
111001000
111110101
111000100
000101100
001001011
000011011
101101110
110111111
001011110
001000000
000011000
111010110
000110110
111011011
110010011
111110100
111000100
111110010
000101001
111101101
001010110
110111010
111110001
001111111
001000010
000100110
110110111
111100001
000111101
111100011
110011110
001010001
111100101
000111001
111111001
111000011
110001101
000010100
111110111
111100001
001100011
001001111
001100010
110011110
110100000
111001010
001010001
001000100
111001000
001010011
111110101
010001000
110100000
000010001
001110111
110101010
001101010
111110001
000101011
101000011
110111100
001010100
000000110
000010001
111000101
000001001
111100010
010001111
110010100
111110111
001110110
000001111
001011001
000000001
000000101
000010100
001000010
111100000
000111111
000000010
001001111
000100110
111111000
111001101
110100111
111101101
101110101
000100101
001000101
000001111
000000000
001001001
001010110
000011010
111010011
010001101
111000010
101110100
110101110
111100101
010000110
111000100
001110100
111110010
110010001
000000100
000011001
000111101
001110010
000000000
111100011
001010101
110100110
110110000
111111110
000011010
111100110
010101011
000100100
101111110
000010101
111001111
000110100
000100110
111100100
111010100
001011111
001000011
110011111
111001001
111101000
111000010
110111010
110111010
000111111
000001001
000100011
111001100
